-405.347595|-50.322105
-26.583273|-150.851959
-205.297180|290.598175
284.990051|-73.864876
-175.025528|-142.651688
-17.043531|193.653137
166.502441|-241.942169
-217.917038|-186.642639
-286.298553|398.888977
-445.807770|400.506256
-146.476364|-482.440277
-436.102142|452.198547
392.386414|193.103592
-128.315872|37.165916
208.106033|358.583130
446.484985|-32.281246
-401.169403|-439.192108
142.184875|182.288116
146.570084|-164.815964
-235.696793|281.633423
481.049774|-198.573837
107.733643|49.440414
466.841797|170.726898
497.816772|-195.729523
410.921051|412.005829
-114.744507|430.494080
350.094452|120.681305
94.083267|-5.402106
85.881935|-203.517838
119.490692|-460.801727
-186.452744|279.237732
427.223724|252.913452
104.701172|-7.060551
302.877716|-27.848667
92.696373|-261.303101
-233.022034|497.959534
-336.983307|-33.526386
-152.885696|40.379143
118.027412|332.969055
-456.262695|-371.089569
-433.493683|-363.712372
264.492615|371.131287
-266.173706|-450.205353
341.698334|-39.674503
337.114471|-466.253357
57.823750|-72.250015
57.376987|50.424343
-152.459595|286.148102
-299.683746|-174.045883
298.753723|471.514069
450.004181|-200.956497
-67.181282|42.020180
250.253891|232.560577
197.870346|48.561115
-267.087067|-304.317657
-24.383163|-275.640991
-238.383209|165.714218
-300.689087|-449.379425
-173.732498|244.131760
-10.609758|-390.595428
32.153851|-24.403711
-246.528122|-104.640015
219.693436|147.057693
-294.701172|496.492706
-299.715057|100.757011
-185.693008|389.545532
-38.296787|-228.491119
267.506592|149.328995
-235.906540|121.878578
9.940894|398.198151
-497.000000|-127.250000
6.271005|-390.990082
-358.200439|-177.522095
-274.442535|299.820160
-199.891129|49.946095
-447.243530|-418.425446
-170.307571|-34.964500
481.316376|-29.004709
-490.358948|410.616913
56.312336|-217.800980
423.285706|-445.011414
118.292404|88.356941
413.756500|411.594299
-324.114197|10.694748
-484.254913|-171.175919
-347.709381|-27.383938
390.572632|341.406677
483.026978|46.342823
-436.225159|-97.529404
-52.447769|-435.775085
-44.857571|-130.082657
-434.894104|182.483643
302.213776|-3.039785
50.608517|-187.392059
448.746826|-455.799255
83.734238|-459.979065
44.202797|389.123108
112.720757|264.658569
30.584312|436.566315
-464.450836|306.877777
300.937775|18.831858
-304.535034|331.946228
303.051971|-130.633072
138.528717|11.412455
409.570374|24.630522
299.882629|360.389069
-53.799713|125.252335
-422.847382|-224.623077
-459.920471|400.544922
-445.388611|33.408810
464.576050|-350.660706
490.182556|-244.636673
-237.083023|-259.888397
-251.756256|-474.651276
-52.897232|33.854919
54.002804|-411.078461
279.168579|125.751953
-449.096252|-463.318420
-248.157761|339.760376
236.578156|-184.728516
-360.769348|37.109051
297.661987|-217.481750
-199.186417|-36.343708
466.504089|307.062500
103.294907|174.913849
-209.223358|477.011139
-229.087021|360.497437
-358.480377|-417.669678
-100.337982|10.358745
488.189453|52.734234
-53.262878|-59.486343
72.145538|-428.729095
-321.294342|149.813385
259.043610|-433.387970
-303.004364|-472.445831
389.367371|-139.242752
-205.564301|184.256653
23.910206|2.940256
-394.442749|375.257660
-113.004890|108.125938
129.824081|347.696777
252.510193|-410.414246
420.089844|287.298157
-302.528625|314.561096
159.488281|148.352051
-117.099525|-74.335342
-152.682007|145.781921
-217.534088|-323.627594
-199.523788|320.755768
359.852783|149.907410
-42.829845|411.314758
-93.090546|460.040009
495.380493|85.509331
46.611893|-83.161560
234.017731|410.139496
12.053859|-484.750000
396.667877|375.484100
-427.345764|-270.698456
-299.097626|-204.180481
-57.471432|241.794373
-416.272797|169.472672
441.717804|-327.591156
489.334839|265.505035
259.793732|-354.720337
-125.706131|350.878418
190.161026|98.326988
206.450745|-370.974396
199.969986|389.426361
0.176697|198.676743
-166.276611|180.623260
-194.862350|-99.886047
263.750916|306.535767
-216.353088|70.160057
-403.149628|153.298279
-242.072968|-200.409531
166.426407|-288.298706
-62.649841|419.874207
-199.125580|-13.673742
162.366760|20.391306
-333.100830|497.303802
152.584915|-90.802017
-230.905365|143.363205
336.962372|74.776283
-150.038025|-118.898857
356.751373|-257.742401
8.219975|442.491180
212.160400|316.556213
264.244934|440.258728
-444.819580|61.396248
-226.386322|49.790997
-352.633392|4.676749
-106.498108|-177.715256
-155.770035|-262.101410
83.128372|445.228302
-121.954895|154.717514
-273.153229|-418.877045
400.237885|291.373779
-369.204163|353.495667
-85.533295|59.388905
61.881161|85.289955
44.712574|-245.647980
-273.334320|469.102875
-39.505993|-101.819389
-356.686462|-148.500000
364.835907|-290.610535
-391.385040|49.722469
81.299751|409.692749
145.346100|-65.406265
-66.036964|-104.163597
-287.524750|5.441822
-287.886810|195.765686
49.418575|455.049774
-207.376343|-157.200378
464.993713|296.585327
-8.619815|426.581116
174.299133|43.969006
-284.944183|231.114258
200.570114|122.121246
-9.778728|-336.187408
-39.924450|379.778229
-299.243713|-39.831131
182.723785|242.084595
399.067841|-81.333450
-100.996017|-161.020996
-346.277527|60.480583
-346.969299|-424.659485
142.029099|-221.344513
233.755936|63.530628
251.645050|-43.610313
-223.679504|206.950363
-378.567139|258.981262
-147.760788|-461.208038
-177.927872|492.490967
292.343658|191.668182
474.553925|-149.873047
109.824600|-216.589401
-246.445190|-7.901431
-342.423706|-439.508484
-39.083881|75.389809
146.790817|402.598206
-158.630737|30.934401
-50.593472|-324.178375
351.084320|15.295717
283.482697|-100.695625
415.664307|-205.903336
349.386414|-182.072510
-63.677250|-49.376076
-75.078773|474.681854
-161.063187|58.338409
497.300293|213.704819
214.567337|393.795471
355.214172|-72.206314
-333.386932|139.105774
-272.892120|-31.917721
-245.430695|30.241777
-156.144943|450.746368
23.912815|253.803833
148.694305|189.411224
-356.124756|99.953369
-378.859375|-449.663513
194.069931|-477.884399
164.458054|385.675568
-332.210327|229.194916
186.296127|-439.576385
-392.923737|469.405151
-417.601379|-454.264526
361.682587|-403.033661
419.297607|-13.941502
-258.236084|-196.361374
-30.112358|402.514496
191.116302|6.577116
-248.251114|121.687355
175.291611|-51.234249
-278.302399|255.075638
-401.796722|-78.653336
-172.510071|-253.758179
-133.338181|-333.936584
-438.448151|-249.911636
-350.034149|-224.626221
-53.958035|249.831558
163.760284|58.029217
74.104576|-175.348953
97.282547|-61.139553
-73.077522|-125.331573
-126.098618|496.750000
157.342850|-183.708832
-382.600128|-338.497559
69.351807|328.177765
150.364578|-482.303406
486.248016|-406.304169
-70.086952|-313.303528
-130.626495|-392.655060
-156.155182|-50.603889
-382.611664|-105.094864
406.572083|-155.253265
218.730240|-451.780212
-435.936157|-156.168167
-452.911407|70.808495
-44.368885|-35.653980
-431.810791|-428.597046
