-420.106628|-48.514923
-26.583273|-150.851959
-208.036789|292.661652
298.725922|-68.580597
-186.259766|-134.447006
-24.750051|204.812637
173.206360|-228.523605
-205.224121|-185.514236
-273.820038|390.565155
-449.192963|386.228912
-159.617203|-483.391144
-446.102142|452.198547
391.926697|202.011307
-131.148911|37.566109
222.824127|357.937408
452.784729|-33.983604
-398.895599|-439.217041
151.629745|176.442673
152.746445|-151.805740
-236.044891|296.583679
486.451508|-199.746338
122.460060|50.265381
460.133423|184.143341
498.190063|-187.630798
420.334137|416.571411
-105.914284|423.210022
363.483673|115.355194
99.975983|8.007088
89.679413|-189.602295
116.631248|-465.082916
-193.927628|267.164520
414.749481|261.243744
119.573135|-6.075939
303.420288|-12.876562
88.379387|-254.685654
-243.333435|491.899445
-338.082062|-22.750849
-163.629822|30.171623
107.052315|322.878937
-466.635620|-360.891144
-443.513824|-352.697968
276.687317|370.376160
-258.055420|-446.390686
351.985748|-43.090759
347.721161|-476.860046
54.269989|-60.601460
69.376701|41.423950
-140.937500|284.504089
-310.290375|-184.652603
309.360413|460.907379
456.566589|-195.575851
-65.626686|43.572575
243.042206|230.741638
200.876923|51.183838
-277.087067|-304.317657
-20.745125|-261.088989
-223.383209|165.714218
-301.396790|-450.362762
-182.349396|246.083755
-21.214376|-379.986908
34.161636|-27.175463
-237.995361|-92.512154
231.749588|148.659317
-299.290466|490.486786
-300.563019|105.781532
-176.760117|388.768951
-32.712715|-214.569275
261.127655|160.432892
-250.016998|126.267502
10.541869|401.067078
-497.000000|-112.250000
8.966995|-376.237488
-347.579071|-166.930252
-273.088898|300.353088
-198.897980|49.693188
-449.710266|-406.289734
-157.840057|-34.737411
486.370453|-25.034084
-475.662018|413.114197
59.950611|-232.352982
412.163208|-435.323456
129.819534|92.184402
407.108429|425.040344
-319.593658|14.166660
-477.556458|-178.080170
-349.662933|-12.969744
404.511688|346.947510
478.768311|56.424068
-448.143768|-88.905716
-50.432850|-421.275848
-43.509121|-115.224335
-424.881592|192.720444
311.768555|-5.794751
48.350590|-173.633850
435.330688|-462.507629
90.113724|-457.632019
52.523205|401.603851
104.780701|257.650726
28.339346|442.556885
-456.355835|319.500793
287.052216|14.788742
-294.390350|342.385773
316.468109|-123.924904
139.104431|11.076616
422.581055|31.969896
313.321625|353.726440
-60.507935|138.668777
-435.785675|-217.579117
-471.983734|396.572723
-449.921417|19.313463
474.539093|-348.383087
-497.601837|-237.301636
-237.083023|-274.888397
-239.041931|-481.143646
-53.179695|30.778461
67.890404|-407.353577
286.884003|124.920654
-450.512878|-448.823669
-245.951233|343.689880
227.207733|-173.015564
-355.765442|42.813904
297.668457|-232.481750
-191.976578|-41.371403
466.504089|322.062500
89.920654|176.116852
-211.861160|478.303070
-216.319473|366.173370
-354.966797|-419.317017
-99.912895|10.835935
495.411469|60.849899
-57.570183|-57.613613
83.176033|-437.970215
-321.344421|164.173279
252.913712|-422.092163
-297.530884|-472.354797
399.367371|-139.242752
-196.574463|188.178940
25.459181|4.564607
-402.840546|384.004669
-103.004890|108.125938
127.833916|336.276245
247.224533|-401.079010
422.704834|299.857269
-295.142914|326.344299
170.573334|148.729172
-103.485046|-69.931587
-167.050049|150.008774
-207.060867|-312.987854
-201.147858|333.765289
374.275208|148.765350
-39.599754|425.958405
-95.464386|459.291565
499.879822|81.357681
32.193890|-85.960991
229.069321|412.300934
12.053859|499.505310
411.226379|379.096436
-412.647705|-270.382965
-300.270355|-202.675644
-47.761887|249.945145
-404.554840|172.877609
450.038116|-340.071625
475.643097|271.245941
263.432037|-340.168335
-140.706131|350.878418
177.303467|105.850334
202.067047|-384.711304
200.965866|390.328491
6.126908|211.407211
-167.321472|181.717377
-198.691025|-99.842850
259.007263|292.305420
-204.991745|77.038231
-396.062439|155.433136
-233.443253|-200.295959
177.637634|-278.743286
-53.183674|429.398468
-195.882599|-17.761385
162.339706|20.136965
-346.075195|-496.999603
144.949203|-77.891388
-234.592209|130.408325
349.442841|66.455818
-149.866287|-118.002243
347.748993|-269.740662
8.727566|444.029846
202.376923|309.330475
250.412674|444.460541
-432.700012|53.538139
-235.500351|49.906284
-339.517883|4.737036
-115.330521|-167.019257
-167.175964|-254.738480
81.705505|447.573242
-132.561508|144.110886
-258.661407|-419.791412
400.411102|301.394287
-358.848328|342.664978
-85.669647|59.510223
75.288300|91.860992
38.373081|-232.540512
-285.898102|476.172943
-27.328341|-93.642220
-346.686462|-138.500000
373.836151|-278.610413
-384.535797|49.712582
92.872215|419.121857
154.861267|-60.731445
-67.911301|-103.693115
-286.440338|0.586212
-301.910950|193.513794
49.790791|445.958313
-195.290726|-153.241531
478.787354|292.706879
-7.671495|426.876526
172.532928|43.947983
-288.582489|245.666260
200.410416|118.617638
-5.807306|-337.622375
-28.211416|370.407806
-299.326782|-39.052170
190.441071|254.946838
399.724152|-67.132294
-111.602554|-150.414307
-335.823578|61.420425
-333.960999|-432.120331
145.382629|-225.533829
235.374435|78.313873
242.645111|-31.610338
-232.659607|218.965179
-393.567139|258.981262
-146.372284|-460.970398
-173.241196|-492.839996
284.023346|204.148956
482.445313|-151.219528
118.537552|-228.378708
-240.665741|-5.768719
-335.715332|-426.092346
-36.142139|90.098518
154.004349|410.767151
-159.637329|18.958427
-36.091713|-327.942078
350.945374|11.028657
287.685150|-100.414604
429.591309|-211.474289
345.030090|-193.414825
-64.791832|-34.772449
-85.701569|485.272186
-152.063248|70.338379
494.485809|226.715973
212.720657|398.847443
363.377441|-84.099426
-338.831451|149.000473
-265.675354|-19.519897
-240.464249|27.361622
-168.145065|441.746124
38.912815|253.803833
149.149582|183.883881
-371.039276|99.831841
-370.879608|-448.277496
180.574326|-484.341522
161.237122|388.625275
-345.626221|222.485855
177.040802|-435.709656
-378.996735|463.834473
-419.602692|-450.183105
371.716644|-399.231812
434.071472|-12.212325
-264.730927|-209.520599
-15.494018|400.521729
192.321655|2.463145
-257.269897|131.457108
177.753738|-36.738022
-267.909302|265.886017
-405.670746|-64.250038
-183.802780|-245.342865
-145.338303|-342.936829
-436.863251|-247.233734
-346.023163|-237.543274
-53.441250|263.666962
177.176788|64.737274
70.732849|-174.117142
104.509453|-49.087814
-58.080006|-125.169403
-126.098549|-487.613647
152.029922|-186.523239
-367.891266|-335.555664
60.977039|315.791016
150.036087|-486.164307
471.248016|-406.304169
-56.402596|-307.198853
-117.215141|-399.373291
-143.227646|-49.622997
-395.092133|-96.774399
404.557587|-153.188049
231.211014|-460.100525
-442.644531|-142.751724
-438.080750|70.103195
-30.952446|-28.945761
-424.129333|-417.790680
