-350.041534|-90.482094
-24.069868|-150.146912
-198.072845|290.288940
213.387222|-142.292221
-94.925323|-151.023392
51.323853|125.912857
149.580154|-339.494019
-254.371933|-263.989868
-373.314453|418.416565
-450.024475|434.378540
-115.303535|461.932037
-398.914215|450.182800
418.962036|94.460228
-126.814034|24.165857
149.714996|343.521576
443.495972|-43.643997
-400.056335|-438.056335
116.693375|206.405746
98.876968|-233.955261
-230.757660|249.199020
476.322418|-204.106110
16.010231|24.509060
-497.447449|91.870056
497.015045|-217.299011
348.908966|429.370239
-136.019043|434.765320
292.207001|171.581451
74.004410|-50.012108
80.471367|-223.114319
112.109512|-477.455872
-146.508774|332.221649
473.787415|202.957489
47.002110|-20.946352
285.098724|-50.207657
120.390335|-351.990753
-236.033066|475.654449
-333.024445|-77.168320
-92.090889|97.074493
177.959274|328.505432
-434.653717|-395.144043
-373.133698|-399.956329
243.970505|376.057037
-300.573181|-443.936218
268.522552|-26.633156
290.398987|-384.395630
72.959190|-78.249268
-26.389729|98.314499
-154.577240|302.300964
-277.768921|-150.395935
215.616684|-477.587067
449.907898|-199.373047
-80.448151|20.554880
326.403961|229.957138
197.632263|48.028172
-250.949646|-299.785187
-96.505951|-338.601868
-262.594086|194.043228
-276.158447|-465.483856
-138.632919|164.486694
-7.440230|-479.024933
5.609300|1.361612
-274.571411|-195.923401
208.630844|142.633835
-275.558197|499.514923
-300.586731|45.210529
-250.287552|384.322266
-84.000702|-311.777344
237.672531|57.048672
-253.648346|136.954865
-26.116325|392.950714
-498.519684|-151.507263
29.035982|-447.931641
-420.992065|-257.946014
-261.762512|300.121460
-199.822723|16.455223
-434.015808|-432.632690
-179.514221|-52.107632
397.534515|-8.568622
463.787506|400.591827
58.956535|-229.424576
-498.135315|-498.154510
56.022423|29.429968
456.537323|380.328003
-420.444885|10.089620
482.540100|-165.118896
-328.380951|-72.600410
371.129547|343.935120
-480.393585|-15.287844
-407.270142|-171.171616
-100.878380|478.183228
-38.470249|-227.236267
-486.526764|96.900970
250.436035|-6.601930
51.412632|-204.429626
-479.742859|-451.824066
98.131744|-499.032745
8.563612|295.457550
183.618423|302.357300
9.537852|416.723572
487.340393|297.742737
341.558746|48.370426
-345.013550|324.389038
249.383255|-171.906891
138.713409|11.181003
337.800171|9.359820
274.397888|350.036102
-41.434322|82.247398
-358.482758|-293.884552
-407.403534|354.511780
-448.157288|118.699753
401.279938|-406.538605
394.454590|-249.357727
-272.543427|-259.869110
-249.936432|-448.986572
-51.030926|4.484679
29.486870|-499.512787
260.208710|65.093864
-428.675690|456.792419
-277.436157|323.606018
290.508331|-271.198273
-442.601257|10.286768
299.444275|-150.924011
-172.105042|-28.692286
450.235901|296.568756
148.803711|128.517090
-199.743683|462.308380
-262.370361|351.557465
-401.540863|-415.231201
-100.337982|10.358745
457.854584|17.082115
-57.932980|-101.045891
35.781666|-337.532410
-376.836517|84.332458
269.256042|-450.160767
-299.881683|-487.116882
370.174835|-148.722855
-199.217560|181.606720
-0.340809|-15.280128
-354.480438|305.344147
-164.873383|91.215706
114.409058|352.403412
276.041870|-400.251160
395.463959|265.112366
-287.725433|300.397003
161.368057|150.273712
-149.373322|-77.119019
-123.493370|149.971405
-286.733368|-399.575775
-256.060913|256.236694
345.883575|140.249634
-99.016571|344.509155
-58.100727|480.629456
441.451324|99.881454
64.123260|-91.766541
249.616928|417.075439
13.883101|-434.691620
306.012939|332.084290
480.519165|-238.828186
-299.463043|-204.127213
-124.944595|180.354172
-476.001862|204.887146
365.551147|-286.646271
498.371155|245.052658
234.043884|-418.329407
-22.167664|348.144043
200.179352|92.425674
249.978302|-280.447296
200.162476|398.990540
-68.192795|148.846481
-149.526398|139.597183
-200.684174|-97.719254
249.619781|355.226929
-285.654266|17.853930
-477.095520|141.846878
-256.582611|-220.683578
103.688507|-352.024323
-103.470192|331.745483
-201.908554|-12.543571
162.957703|15.313630
-324.316345|488.245575
163.115997|-162.226379
-301.218964|179.215652
299.196686|98.625877
-148.146576|-117.469948
406.908813|-180.441116
5.554017|437.216156
205.833313|331.719421
351.623352|387.645172
-450.662384|39.023579
-200.631516|38.093796
-446.912842|-21.250868
-31.737356|-196.167618
-190.478043|-329.020630
149.867584|431.241089
-46.761509|204.136139
-301.807129|-417.510834
413.468506|232.738907
-408.825684|423.899719
-85.392250|59.547707
7.350638|84.284981
91.182190|-331.483734
-234.326553|450.062347
-73.104568|-150.739105
-417.854767|-220.042160
305.583282|-367.347656
-400.011200|49.034569
42.267834|324.277618
98.682625|-111.324669
-87.625816|-105.065056
-287.689972|10.065654
-232.716278|141.796204
49.869640|454.182800
-249.533859|-171.787369
477.079742|285.039673
-5.088558|428.134308
178.657440|34.696365
-240.258331|197.524857
201.875717|122.691788
-74.239822|-387.528870
-129.336716|403.888214
-297.487701|-35.415714
148.876678|201.172012
389.950867|-100.643105
-66.785828|-177.744324
-376.882538|50.040909
-379.884705|-426.307800
141.909576|-221.112076
211.159790|28.666895
221.810287|-103.047127
-216.051392|140.000641
-277.054260|247.730682
-160.002029|498.369263
-199.471359|445.468842
283.992310|151.049133
424.246704|-198.413025
120.627998|-147.215775
-257.834045|-106.428192
-354.833954|-465.467072
-47.786587|56.632637
130.904114|377.702911
-170.147003|19.613224
-115.347031|-374.411255
352.806152|35.487904
328.517334|-84.654823
322.765228|-183.516922
349.866577|-129.158188
-107.190918|-70.236450
-54.112980|436.714600
-180.963272|29.657743
496.705017|140.216827
210.910492|379.595703
341.075806|-22.069685
-334.622070|76.263985
-329.550690|-92.833664
-251.606888|32.540249
-107.260406|445.914185
-26.130026|234.491821
88.701080|195.056473
-358.180298|64.668999
-374.658417|-449.543243
202.244858|-451.254913
187.513138|339.016266
-250.016327|232.362625
226.936203|-438.582764
-481.390289|-495.828308
-393.781982|-477.989380
350.005005|-451.428406
344.301666|-18.636852
-249.525040|-193.421341
-102.422661|402.724457
185.153931|14.384043
-235.188080|49.080589
195.258713|-118.154831
-262.432068|197.603455
-423.150208|-170.384216
-111.113068|-272.648163
-80.322922|-278.953217
-437.587311|-245.955719
-350.081299|-194.014740
-103.487198|190.282944
132.568680|52.605129
78.917618|-224.586136
32.418812|-121.101234
-116.378242|-133.403336
-164.343277|451.659943
242.411102|-197.085114
-400.975494|-391.009064
111.039726|401.940308
152.280151|-462.214050
-483.832001|-400.020874
-138.881119|-363.670135
-193.963531|-382.376740
-157.482132|-48.476669
-362.543945|-126.241570
426.636169|-160.481583
223.585953|-449.896729
-415.363403|-235.269043
468.966583|110.093689
-34.806713|-50.541363
-462.336700|497.095642
