-398.631836|-50.017124
-26.583273|-150.851959
-204.057907|290.503784
279.175537|-76.303467
-168.379410|-143.670944
-20.765099|188.153763
163.483810|-247.979568
-223.340347|-190.616425
-291.914764|402.633118
-449.701843|404.185760
-142.708176|-484.541565
-431.602142|452.198547
393.925476|186.531784
-126.862732|36.275681
202.092163|361.554382
448.849487|-31.708967
-400.440399|-435.891541
135.533661|181.166107
142.970551|-170.090607
-234.952240|274.954071
475.617828|-196.945267
102.015945|45.869186
469.860565|164.689499
-497.683228|-199.101089
411.196838|405.263062
-115.661217|434.798615
343.394348|119.984909
88.029457|-8.299449
83.748802|-206.172897
122.823616|-459.350494
-185.458511|284.834290
432.839935|249.169174
98.191032|-8.366190
302.876007|-34.598667
96.493279|-266.847534
-226.710953|499.776123
-334.172974|-37.803616
-147.409027|43.872787
123.421021|337.027527
-451.451080|-375.823456
-428.624390|-368.363373
259.158691|375.201996
-270.585052|-449.657562
336.694000|-38.279861
332.341461|-461.480347
64.364052|-71.288101
51.977001|54.474350
-149.731140|291.433990
-295.568329|-168.722137
293.980713|476.287079
450.078674|-200.700470
-71.569603|39.748577
247.288315|230.473450
200.907059|48.859058
-262.587067|-304.317657
-26.020281|-282.189392
-245.133209|165.714218
-301.871429|-451.448761
-168.345398|240.596207
-5.836803|-395.368439
31.118767|-23.288931
-248.087891|-111.205635
215.109528|146.368454
-289.013245|498.313232
-299.785919|97.392372
-192.263428|388.515778
-40.803764|-234.758270
269.116425|142.951660
-229.549454|120.048012
4.105533|397.468018
-497.000000|-134.000000
4.948771|-397.609283
-362.973541|-182.294891
-274.023895|300.432373
-199.960129|49.964237
-444.587219|-420.918640
-173.867538|-36.623741
475.194275|-31.090860
-497.070923|409.971985
54.712524|-213.381958
429.320862|-448.034546
112.421692|87.717712
416.774872|405.556732
-327.112122|7.825524
-490.269928|-168.112991
-344.216797|-33.118362
385.965546|341.720215
480.411041|40.152210
-430.314209|-100.602440
-56.096828|-441.440430
-44.878204|-136.832626
-439.975464|178.213318
296.960541|-2.134412
49.975964|-194.070419
454.784088|-452.780487
80.639244|-463.545776
41.340664|383.044312
117.198288|266.815186
32.979130|432.319153
-467.793488|301.014648
300.463684|23.657684
-311.212006|331.394226
297.292297|-134.093613
138.490646|11.313998
404.612793|20.074757
295.505829|357.700378
-50.781013|119.214935
-418.684845|-229.914063
-453.726471|399.428772
-442.382141|39.452267
458.772980|-353.807312
485.584320|-249.544220
-237.083023|-253.138397
-251.286148|-470.758972
-50.710407|36.077946
49.521507|-416.097961
277.583984|120.948387
-446.101837|-469.359741
-249.030151|336.568939
240.794846|-189.999344
-364.175995|32.776955
297.661987|-210.731750
-199.768021|-36.311710
466.504089|300.312500
105.058754|171.886505
-206.480423|476.442017
-233.889053|355.753845
-364.712860|-415.958557
-100.337982|10.358745
484.512146|50.828259
-56.695255|-57.818069
67.622017|-423.740295
-318.368927|144.276474
262.024384|-437.768921
-300.004211|-472.917725
384.867371|-139.242752
-206.232269|187.147034
23.104774|2.547042
-398.128784|377.295197
-117.504890|108.125938
129.411026|350.910309
256.492218|-405.061707
418.220856|282.764557
-301.061279|310.703674
160.252762|147.024994
-123.136902|-77.354065
-147.824997|145.010849
-218.639175|-329.910614
-201.060257|314.383118
353.350189|148.299484
-44.155460|404.696228
-92.136581|459.931061
492.952606|86.737801
51.926136|-81.721016
237.880875|409.578094
12.053859|-478.000000
390.119476|373.847137
-433.838562|-269.059143
-299.989960|-205.255371
-62.807854|238.280243
-422.494965|168.648438
437.973663|-321.974945
495.612244|263.041077
258.485748|-361.107758
-118.956131|350.878418
196.196381|95.304222
208.992630|-364.908051
199.733307|386.622498
3.194544|193.611099
-166.428360|180.225601
-193.380325|-100.250565
264.800537|312.158752
-221.807953|69.283813
-401.761017|148.059479
-238.085770|-201.155731
160.051453|-290.482788
-64.473434|413.390869
-199.413437|-13.146459
162.444901|20.213520
-326.625427|497.275238
156.057068|-96.590500
-235.583130|148.132172
331.346161|78.520493
-150.170929|-117.927795
360.801483|-252.342361
7.456704|442.304962
218.561493|318.698212
269.873291|436.532623
-450.361298|65.248886
-225.397736|49.789482
-357.454163|9.210340
-100.244377|-179.300980
-152.873016|-266.482727
89.222054|442.624176
-117.181953|159.490524
-279.568451|-420.976105
394.755524|289.655823
-371.140594|357.273224
-85.693680|59.478245
56.094128|87.759857
49.056019|-250.803879
-268.043518|464.954620
-39.284023|-108.482185
-361.748505|-152.586914
360.785797|-296.010590
-393.833832|49.848122
77.579575|404.078003
145.339722|-72.042793
-65.602859|-104.241356
-287.529114|7.567881
-281.320740|194.412201
49.917194|453.873962
-213.577682|-158.297012
465.519196|295.673065
-9.050757|426.530151
176.209259|39.126980
-283.306946|224.565857
200.320816|123.148422
-13.951530|-335.044434
-46.178074|380.496674
-299.207245|-40.033478
179.251007|236.296585
395.551575|-86.987465
-94.937317|-162.850571
-350.916382|55.920879
-352.795959|-421.252747
140.928833|-220.942123
232.136841|56.977695
255.695023|-49.010300
-219.629623|201.550278
-371.817139|258.981262
-150.153244|-461.153503
-179.534241|485.976593
296.087799|186.051834
469.916290|-152.860916
108.815041|-209.952835
-248.438187|-13.307961
-345.442474|-445.545746
-40.407665|68.770889
146.425583|396.017426
-161.319946|29.144220
-55.085453|-328.192108
348.823303|16.373667
282.783295|-99.303101
409.397156|-203.396393
350.125671|-175.704987
-61.442776|-55.208248
-70.305809|469.908844
-165.113159|52.938423
-499.000000|207.688904
219.025558|389.539276
353.396484|-65.849876
-336.483032|133.501221
-276.250946|-37.560806
-249.968048|34.396530
-150.744888|454.796478
17.162815|253.803833
148.291977|196.096573
-349.382507|99.940308
-379.066467|-451.058807
200.181610|-475.064819
162.258240|383.481995
-326.173065|232.213562
192.671524|-438.465607
-399.190887|471.911957
-415.370361|-457.996765
359.397858|-409.230103
412.547607|-13.943234
-253.309570|-191.771667
-36.195335|405.439453
191.006516|8.356503
-250.922058|115.793861
180.437637|-53.439053
-283.073761|250.301010
-402.143158|-85.324753
-173.785049|-260.348694
-127.938133|-329.886475
-438.733032|-249.957169
-350.362091|-218.019684
-57.870148|244.736542
157.722885|55.010517
74.664154|-174.017563
96.974411|-67.870560
-79.827522|-125.332077
-126.098618|490.000000
160.271896|-182.534714
-389.219116|-339.821411
73.452133|333.529022
153.253357|-478.433075
492.998016|-406.304169
-76.406090|-315.626221
-136.663895|-389.636292
-159.091293|-49.629162
-376.995453|-108.839073
409.171234|-155.347839
214.399612|-448.523376
-432.917389|-162.205566
-458.440186|74.649803
-50.406284|-38.672680
-433.652924|-432.570160
