-396.406525|-50.120865
-26.583273|-150.851959
-203.837906|290.378967
277.078278|-76.996284
-166.129852|-143.713913
-21.180145|185.991562
162.477600|-249.992035
-224.981064|-192.156036
-293.786835|403.881165
-451.475891|404.665161
-141.403076|-485.441650
-430.102142|452.198547
394.466278|184.347748
-126.592064|35.964657
200.246017|362.840454
449.686676|-31.446646
-400.155426|-434.977081
133.344818|180.645126
141.490112|-171.634415
-234.101318|272.873993
474.224213|-198.091537
100.229515|44.501572
470.866821|162.677032
-497.520844|-200.694550
411.354004|403.018555
-115.228706|436.082367
341.147827|119.958801
85.829605|-8.769569
83.010582|-206.494171
123.543930|-459.127594
-185.054184|286.789520
434.712006|247.921082
96.724937|-10.043356
302.875916|-36.848667
97.734207|-268.714203
-225.625244|-498.983002
-333.269806|-39.258007
-145.802185|45.447758
125.220619|338.378052
-449.858093|-377.412384
-427.115234|-370.024719
257.285858|376.435577
-272.806702|-449.316833
334.978577|-37.710865
330.750458|-459.889343
66.416748|-70.369003
50.177006|55.824352
-150.171448|292.844818
-293.998596|-167.110168
292.389709|477.878082
450.078949|-200.699570
-73.442764|38.721813
247.902344|229.050095
202.194443|50.530643
-261.087067|-304.317657
-26.565987|-284.372192
-247.383209|165.714218
-299.942169|-452.180664
-167.006729|238.796646
-4.245814|-396.959442
30.999689|-22.961187
-248.544128|-113.408882
213.452499|146.076950
-286.859863|498.939789
-300.061462|96.115852
-194.364563|387.723969
-41.639400|-236.847321
268.971344|140.712128
-228.460678|120.041718
2.065019|398.415558
-497.000000|-136.250000
4.507607|-399.815613
-364.564545|-183.885849
-273.267609|301.223846
-199.956360|49.967312
-443.383362|-421.556885
-175.419357|-37.138969
472.951599|-30.911245
-499.304108|409.722015
54.649178|-214.055054
431.333282|-449.040802
110.207581|87.974831
417.781128|403.544220
-328.577362|6.831609
-492.281128|-167.104294
-342.802246|-34.860413
385.475739|343.587799
479.277435|38.208710
-428.556396|-101.892220
-57.461834|-443.229065
-44.879486|-139.082626
-441.269928|176.373245
294.711395|-2.175749
50.170284|-196.305191
456.796509|-451.774231
80.813583|-464.576172
41.439888|380.956665
118.952759|268.075409
35.014397|431.365387
-468.941559|299.079803
299.204895|25.392731
-313.096802|332.542358
295.472565|-135.408340
138.486343|11.512862
403.141266|18.376637
294.987396|355.516785
-49.774780|117.202469
-417.476257|-231.811859
-451.560883|400.033600
-441.376587|41.465065
457.209595|-355.424957
483.695190|-250.735733
-237.083023|-250.888397
-251.077927|-469.241882
-50.297180|36.941967
48.839336|-418.234192
276.251923|119.863632
-444.976959|-471.308380
-250.840958|335.330505
242.200409|-191.756287
-366.054749|31.630749
297.661987|-208.481750
-199.999420|-36.081123
466.560944|298.470978
105.683273|170.741974
-205.392776|476.043243
-235.481552|354.164337
-366.805084|-415.131012
-100.337982|10.358745
483.500702|49.962677
-56.847347|-59.256172
66.121933|-422.067566
-316.905609|142.648209
263.031097|-439.027222
-298.555145|-473.050049
383.367371|-139.242752
-205.799286|186.705566
22.696741|2.303138
-399.251648|377.674133
-119.004890|108.125938
128.617859|350.068115
257.680725|-403.151215
418.241516|282.703125
-299.524261|310.365356
160.581787|148.454620
-125.149368|-78.360298
-147.769531|146.297424
-219.809036|-331.830292
-201.844681|312.282196
351.351959|147.273071
-44.596840|402.489929
-92.936928|460.979980
492.065125|87.040527
52.311436|-82.598061
239.097168|409.644073
12.053859|-475.750000
387.936676|373.301422
-435.917023|-268.978790
-299.657135|-204.222000
-65.053886|238.370316
-424.573669|167.951233
436.725616|-320.102875
497.743439|262.319702
258.459686|-363.262268
-116.706131|350.878418
198.208725|94.297768
209.834991|-362.900055
199.100662|385.659912
4.704823|192.080093
-166.149063|180.484344
-193.332794|-99.830368
264.042786|313.255890
-223.917862|69.077866
-402.311646|148.040848
-238.000198|-202.144196
157.875854|-291.056519
-65.121941|411.239227
-199.224609|-13.506318
162.519012|20.198856
-325.610596|497.183777
157.214630|-98.519890
-237.441162|149.400970
329.474091|79.768562
-149.924591|-117.897697
362.151520|-250.542343
8.334992|441.957123
220.695953|319.409943
271.745880|435.285248
-452.484619|65.948685
-225.217697|50.063507
-358.664673|11.027538
-98.039253|-179.192780
-151.967133|-267.704590
91.085876|442.382965
-115.590973|161.081528
-281.703308|-421.686584
392.534882|290.016327
-370.980408|358.103210
-85.554642|59.481712
54.053932|88.648018
50.484768|-252.386154
-266.248871|463.609283
-39.707546|-110.681961
-363.537384|-153.854187
359.435760|-297.810608
-394.557983|49.895226
76.315910|402.221832
144.977936|-74.071121
-65.225945|-104.284195
-287.608673|8.344616
-279.705322|193.526398
49.717121|452.351227
-215.723022|-158.897980
467.478424|295.051270
-9.194063|426.312988
175.562103|37.372612
-282.761200|222.383057
200.872452|123.543793
-16.182854|-334.760651
-48.397720|380.805176
-299.215118|-40.081684
178.093414|234.367249
394.022125|-88.495712
-92.889832|-161.938736
-351.826233|54.572403
-354.819855|-420.289093
140.761215|-220.773590
231.592026|54.794651
256.930573|-50.881054
-218.279633|199.750259
-369.567139|258.981262
-150.522583|-462.014679
-180.283752|483.855194
297.335846|184.179718
468.059906|-153.142975
108.781487|-207.703094
-249.613770|-15.156846
-346.448730|-447.558167
-40.848927|66.564583
147.241425|393.921021
-162.591782|27.665537
-55.906132|-330.263550
349.604645|17.251797
281.647705|-99.926636
407.308105|-202.560745
350.304169|-173.676987
-59.598198|-56.493824
-68.714828|468.317841
-166.463150|51.138428
-498.590027|205.581757
221.127029|388.871094
352.938843|-63.786037
-337.109314|131.547928
-277.413818|-39.396992
-251.832016|35.122501
-148.958725|456.164398
14.912815|253.803833
148.587479|198.326935
-347.717407|99.192627
-380.378754|-450.443573
201.268768|-473.658722
161.788589|381.449066
-324.273285|232.888611
194.689468|-437.470428
-401.279938|472.747559
-414.179657|-458.815491
359.240112|-411.474335
410.297607|-13.943235
-251.734650|-190.171341
-38.210377|406.440491
190.973190|9.023817
-250.194778|113.677460
182.638519|-53.000252
-284.256042|248.656204
-403.100220|-87.359016
-174.628738|-262.434143
-126.138138|-328.536438
-438.173920|-251.116165
-349.903473|-215.818115
-60.088669|244.517288
155.710419|54.004284
75.040001|-174.146912
96.959106|-70.120491
-82.077522|-125.332100
-125.996712|487.954956
161.396927|-181.854507
-391.425446|-340.262695
74.860146|335.281311
154.205521|-476.429443
495.248016|-406.304169
-78.436996|-316.594635
-138.676361|-388.630035
-159.657516|-48.564873
-375.123383|-110.087143
410.676483|-155.070633
214.849518|-448.131531
-431.911133|-164.218033
-460.088715|76.180733
-51.596851|-39.750187
-434.609802|-433.057190
