-346.774109|-73.657982
-24.069868|-150.146912
-200.743683|281.759521
225.751144|-120.111038
-98.052200|-146.071976
30.323902|141.662750
149.915039|-313.746246
-243.707611|-241.614212
-353.826508|412.768066
-448.112091|435.616852
-117.251122|474.008514
-394.019562|448.440491
411.198364|117.407326
-123.953705|28.229301
147.465286|357.941895
443.318695|-43.028709
-401.510376|-442.766785
113.243408|195.942490
103.228905|-221.772797
-234.069931|249.015640
475.746979|-204.407150
40.097168|34.422916
498.269379|99.985550
494.614380|-219.650513
369.503632|413.695648
-118.573860|443.214508
291.471924|154.437393
78.630943|-54.391098
80.337074|-224.469833
111.504913|-466.931274
-155.602997|326.906616
464.641083|218.189560
53.369675|-33.969582
291.204041|-50.836025
114.737160|-329.113403
-232.072464|481.535217
-327.224243|-79.421143
-98.406830|83.766655
162.107590|326.868317
-436.062012|-398.613373
-378.686218|-399.801208
258.384766|372.999176
-294.206726|-451.775116
287.555054|-23.957178
300.385254|-405.244537
78.855911|-72.702209
-8.840001|82.496536
-155.639114|298.623291
-279.068604|-149.654388
238.234268|-490.604553
449.907898|-199.373047
-78.198265|11.674148
300.937958|223.590637
198.158707|47.843529
-250.789932|-300.032562
-81.723923|-319.081635
-251.083633|192.671158
-290.175262|-463.856812
-147.288223|180.612091
-5.592615|-454.654205
23.933966|-17.380648
-268.544098|-170.428467
207.517532|142.471954
-276.441254|494.681030
-309.564514|51.415325
-245.947296|381.435059
-67.368927|-300.821228
248.825195|80.591980
-260.439423|135.875717
-25.608818|394.652802
-499.959778|-153.752548
26.152008|-423.805603
-406.607178|-236.812576
-260.727173|300.103790
-199.894257|18.071047
-435.969849|-432.172394
-186.521301|-48.752125
421.882019|-16.553135
469.710266|400.216309
59.815014|-232.166885
481.395599|-486.785156
77.018379|40.486378
456.488312|377.952118
-395.498901|2.876883
484.319061|-165.191956
-324.418884|-70.071075
371.829773|345.182678
-492.096619|-16.667250
-398.844940|-151.967346
-100.441666|-497.200073
-39.404148|-201.517670
-478.461182|118.397881
249.892334|-6.669258
52.713596|-210.914017
-483.843506|-451.884796
78.382614|-487.825531
23.124229|317.298828
165.352768|304.594635
7.298049|418.852600
496.612885|288.278534
338.496796|48.363483
-335.252899|335.686554
250.081192|-171.941223
138.441986|11.218651
343.682922|5.708506
274.684418|349.753235
-55.538925|78.922173
-368.963776|-270.652435
-419.340454|366.491211
-446.162994|101.824875
411.111481|-389.359924
415.501160|-248.712677
-254.807281|-245.846893
-250.482147|-465.278320
-59.321892|12.059286
32.853298|-474.380676
276.117737|83.094582
-440.836945|479.912659
-270.305084|321.470764
279.431519|-248.103821
-417.135864|16.656353
299.272583|-144.743164
-188.875961|-29.315720
455.329102|297.495117
136.308304|148.109100
-199.909698|466.046021
-248.715591|348.772949
-406.095367|-413.597473
-100.337982|10.358745
470.067108|24.466532
-60.848755|-103.426636
38.521873|-359.575378
-355.788605|88.918488
271.083923|-445.185730
-299.411926|-482.580383
369.000671|-151.178055
-199.383881|182.067123
11.587624|0.627076
-370.789886|325.570435
-159.911346|96.218361
127.279671|350.970673
278.931763|-399.887573
405.419739|285.031036
-290.147552|299.805054
160.375000|148.595016
-149.984299|-78.017586
-135.119507|149.886169
-268.171661|-381.014069
-242.616974|274.140320
342.335419|143.158005
-89.696411|368.251038
-77.665489|465.658722
451.299133|98.299507
63.996830|-91.785820
250.106094|413.706146
12.108023|-435.569916
325.732269|348.694794
-494.692047|-242.079544
-299.902557|-204.577438
-111.705765|193.714218
-475.893188|203.466843
387.071960|-300.000061
494.514740|250.835281
239.044006|-411.979065
-48.417664|348.144043
200.309998|92.274193
247.395767|-305.130646
198.871246|398.588501
-47.914127|164.882690
-154.939926|144.845184
-199.483322|-99.511093
249.670639|357.487671
-274.597992|34.428349
-455.119995|155.813705
-255.218262|-218.693527
117.046112|-336.116302
-94.356018|354.375580
-198.053284|-14.585811
162.118759|19.540375
-323.564331|487.506500
158.689499|-145.093170
-279.412689|169.174408
299.486053|99.861092
-151.078918|-120.922028
401.089813|-202.129135
5.712129|437.466248
209.582016|330.597961
329.889130|399.897308
-449.711121|37.534004
-210.097946|47.979271
-422.508148|-12.081256
-37.905430|-190.765594
-173.999741|-309.657684
151.122772|435.033020
-67.826828|203.692078
-300.769501|-415.272827
400.498749|248.206131
-403.133606|405.658966
-85.431114|59.629642
10.194784|84.540894
77.695793|-309.520996
-231.915817|449.768524
-72.409492|-149.324844
-411.157257|-197.670822
318.034637|-353.011169
-400.237823|49.198017
50.223450|343.336151
100.426048|-109.634705
-77.909836|-106.630196
-286.829498|13.999141
-240.598145|166.123383
50.131310|453.189301
-232.991272|-168.061279
487.661407|291.522125
-4.982218|427.764679
179.775024|33.767776
-241.567245|201.560364
199.892639|123.935684
-62.198822|-365.403687
-106.051598|393.611176
-298.099304|-36.455078
149.289124|200.209641
384.924469|-100.793976
-58.872658|-177.862381
-379.697754|47.799046
-379.712433|-425.544830
141.600677|-220.550522
212.709305|29.419386
230.006790|-83.058922
-232.225464|158.007141
-300.567139|258.981262
-161.912277|494.982544
-201.086533|438.854248
303.648590|136.845734
421.253021|-194.545700
116.580643|-142.418610
-250.902496|-84.001541
-351.627777|-467.938416
-47.569260|56.089142
134.659866|375.149597
-172.674896|21.461988
-102.913551|-361.971466
345.412323|31.019249
311.096405|-92.677994
347.138397|-193.264008
349.337769|-130.210754
-88.600609|-66.738853
-54.122776|437.792480
-187.316971|43.398888
483.872314|146.317719
211.280731|379.583893
351.884949|-19.783281
-341.892456|72.758003
-313.904358|-89.872787
-241.542206|27.357876
-113.137955|450.821899
-20.119133|240.809479
106.442749|202.890808
-351.421631|58.523731
-381.990387|-450.903809
199.918304|-450.874451
184.653214|338.546295
-268.174988|223.601746
228.202087|-432.074127
-464.883942|487.250610
-400.181030|-473.778381
353.044037|-450.452423
347.242279|-12.500612
-249.929123|-187.721771
-87.078308|386.326569
185.648071|13.676194
-248.794571|70.247871
199.398849|-102.899231
-261.453400|192.581848
-407.273224|-150.928818
-134.591843|-260.908508
-82.072090|-282.392975
-436.530853|-241.847290
-348.922119|-194.567993
-97.767570|213.974518
133.793381|50.273930
69.671425|-210.250626
55.314758|-121.681343
-102.887108|-125.033279
-156.669647|474.902405
218.824982|-189.899399
-403.484528|-385.044647
110.631157|384.892639
149.436066|-461.166962
-484.971039|-400.159210
-119.656250|-346.932312
-169.853592|-392.132080
-159.069916|-50.547054
-364.348541|-127.589745
427.140869|-161.025452
225.022491|-448.125580
-420.094299|-212.921432
492.160675|113.581093
-33.806450|-50.828079
-451.215057|-482.734863
