-346.650177|-67.123352
-24.069868|-150.146912
-201.209412|284.179688
229.884567|-110.602066
-108.219353|-145.389694
21.923897|147.962708
146.707031|-303.956421
-239.520859|-232.247086
-343.536255|413.652771
-449.349182|434.831146
-122.039726|477.461517
-396.339203|449.220764
408.651550|127.593834
-123.564125|29.787363
153.947067|355.167023
442.865662|-42.707298
-399.438660|-434.804840
118.395569|192.022781
107.574844|-212.327545
-229.920181|249.941696
476.003967|-203.679443
49.342514|39.345314
497.029480|110.352905
495.187500|-217.787415
377.901794|407.393250
-120.371506|441.964325
294.842743|146.837433
70.042465|-54.887192
78.197815|-214.879272
112.203728|-462.896820
-162.717911|319.393585
461.231323|225.528061
63.676960|-35.621590
292.131317|-50.864143
109.569046|-320.117889
-230.532455|486.094391
-317.857574|-77.567772
-105.545517|76.675354
154.304504|330.131897
-434.275024|-398.155518
-384.075745|-399.763123
257.378418|370.130035
-301.239410|-447.122192
293.197205|-21.372396
299.283783|-415.197021
75.785698|-75.575027
-1.505695|75.261314
-155.425735|301.613464
-278.652344|-149.440018
247.732147|-494.769348
449.907898|-199.373047
-81.338776|9.798457
290.751556|221.044037
201.454269|52.252380
-250.011139|-298.737335
-71.809563|-315.742401
-254.300171|188.778091
-297.114014|-456.429779
-147.750519|190.117325
-9.650273|-445.042145
28.213890|-20.068819
-264.776672|-163.949387
210.130615|141.627701
-273.863708|492.995850
-317.765289|55.514954
-237.786880|387.411865
-63.365662|-291.162628
253.358429|89.940025
-258.422211|136.868988
-25.247444|396.137665
499.286438|-148.769852
20.731859|-418.626831
-402.802856|-227.144363
-261.143982|300.445984
-200.299622|23.466291
-435.840759|-432.076630
-194.666504|-50.412319
432.221405|-14.802908
463.334839|399.520416
60.167019|-233.041611
472.004303|-482.089294
85.242401|46.990803
457.088257|385.786713
-385.369568|0.241782
480.348145|-169.974869
-317.744324|-61.999073
372.458405|345.077301
-498.546692|-11.064403
-396.563538|-143.316116
-93.964943|-488.943390
-46.096016|-193.445938
-473.059082|127.401558
252.941116|-7.835253
58.377338|-211.957718
-489.079346|-446.666412
76.954582|-483.341492
28.928926|326.048401
157.438385|308.322784
12.573503|415.174164
-494.785187|292.524353
339.182892|46.987644
-330.088867|337.897369
249.144562|-164.742584
138.280792|11.251587
352.982361|4.474715
273.276459|350.009064
-59.075191|82.416229
-376.961029|-264.028046
-420.811951|368.538574
-449.811157|92.016708
420.091400|-385.017181
426.001160|-248.712708
-250.499527|-243.683212
-250.060577|-465.111176
-60.538677|13.757786
34.500137|-464.609070
279.396454|91.805733
-441.277161|490.280914
-264.596161|325.068542
276.892578|-238.093704
-406.988312|19.349842
301.129730|-151.883667
-196.413864|-33.252922
459.163483|298.990936
131.424316|153.576416
-199.902313|469.040283
-250.886490|350.513275
-400.428741|-419.829742
-100.337982|10.358745
471.367432|25.855524
-54.373814|-107.680099
41.842270|-369.536621
-351.603546|98.533501
269.742981|-443.216522
-299.754913|-480.875824
366.551941|-146.587509
-202.022156|188.403137
12.607465|1.478900
-377.983368|333.212677
-154.301285|97.446114
134.853958|348.293243
279.121429|-399.818512
411.686707|285.074493
-291.460876|300.533569
161.757385|150.513733
-148.901016|-79.234016
-133.980011|149.562943
-260.746979|-373.589386
-233.112671|270.507080
339.503906|140.776154
-83.588249|376.765686
-82.567619|464.614746
457.713318|98.725586
63.474583|-91.874580
250.233261|412.797394
11.021406|-435.336243
335.296906|351.952026
-486.019440|-247.957306
-300.111328|-204.174316
-105.715790|201.941895
-471.708618|196.348053
395.090820|-297.179626
-497.392212|249.876770
242.717484|-402.145477
-58.917664|348.144043
200.010391|92.100891
241.571335|-313.866974
199.786530|397.432190
-37.727619|167.429291
-157.519791|154.298615
-200.629547|-99.871597
249.880157|356.783112
-264.487701|36.864002
-445.609314|155.035568
-249.473099|-217.271744
120.169876|-328.128662
-94.169670|364.871307
-198.108200|-14.560620
162.501404|19.628042
-324.047821|487.959137
156.697891|-135.135635
-274.779236|164.363602
299.962219|97.219574
-150.638428|-120.818336
401.088318|-209.900665
5.719614|437.393036
211.767029|330.114471
320.420349|402.836395
-454.895142|34.805737
-214.319870|48.690395
-412.759247|-8.181661
-47.980869|-189.088867
-167.612106|-302.023621
142.119370|439.589142
-78.141472|203.098160
-300.393890|-416.785736
397.424591|257.499603
-394.409241|399.894104
-85.422836|59.665833
12.337869|84.841782
73.908882|-299.858459
-231.743973|449.535583
-70.986984|-151.463928
-406.150024|-190.436386
324.334808|-344.611084
-399.577332|50.141907
49.502285|353.116760
97.829636|-101.097786
-75.447044|-107.094666
-286.324219|16.744875
-238.140259|176.102936
50.098473|454.962952
-230.717560|-168.035797
487.055969|289.824371
-5.122705|427.879425
181.690384|33.473122
-248.552734|196.671875
199.488419|123.350288
-60.355003|-356.473022
-98.136726|386.722107
-298.274048|-36.849998
153.550049|198.379074
384.395996|-102.981819
-54.640121|-184.337616
-374.315216|46.845692
-379.109375|-426.784210
141.266281|-220.688004
210.242645|28.249863
235.236511|-79.383911
-234.365311|168.232666
-311.067139|258.981262
-160.769196|-494.929871
-196.294556|445.400940
311.318359|137.695526
428.253021|-187.545700
108.900604|-149.215469
-250.902496|-73.501541
-350.362610|-465.182220
-51.833744|52.277138
135.987320|373.722443
-175.330170|22.927952
-101.441498|-353.863770
349.998108|27.303913
304.594940|-97.097252
356.909424|-197.107773
350.393097|-136.129196
-83.861900|-67.676094
-57.496906|434.782745
-181.501007|45.859642
489.549957|154.595673
212.728394|379.648895
359.079132|-27.220806
-338.825439|80.402924
-306.101654|-85.542030
-250.506042|28.539465
-122.584564|454.511871
-22.404179|245.991287
113.442749|202.890808
-348.991730|58.259403
-381.965057|-450.125732
199.526596|-448.165802
179.221680|337.656006
-277.574524|218.922241
228.833130|-434.784119
-455.708191|484.154724
-400.017303|-470.510315
356.840149|-453.448608
357.713623|-12.359262
-249.846191|-185.229233
-76.901871|386.839020
187.701477|14.616352
-245.962051|80.021042
200.004395|-92.466751
-270.714935|195.370743
-403.743805|-141.141891
-143.984467|-256.214966
-87.353058|-288.343475
-436.731934|-242.090683
-348.876404|-193.842072
-93.663162|221.377670
133.205536|52.777039
71.394882|-200.560944
63.752048|-115.431625
-103.696526|-124.550827
-150.723190|479.785889
209.631424|-186.725739
-403.019714|-377.119965
105.481117|376.735229
151.308151|-461.919220
-485.947205|-399.885986
-119.612473|-341.712769
-159.696060|-393.173676
-160.041855|-52.224621
-363.677673|-126.514496
423.321808|-162.678757
221.917984|-446.553711
-415.341278|-205.432617
498.500427|117.951035
-30.013941|-50.382404
-450.107941|-472.337036
