-356.248749|-58.845596
-24.069868|-150.146912
-201.704224|290.668915
243.297256|-100.008362
-125.469353|-145.383347
8.123900|158.312637
152.186813|-287.786835
-229.306458|-223.098267
-328.218933|421.418152
-446.838837|431.151245
-130.755905|481.049316
-403.427124|451.389496
404.467499|144.328644
-122.935898|32.324921
170.593048|352.225616
443.319641|-38.635277
-400.355133|-434.231720
122.018311|184.913315
121.111465|-202.758072
-219.167908|253.361038
475.347137|-204.768677
65.726799|44.538166
489.314850|125.781815
497.848816|-216.712311
391.065308|396.322388
-124.001221|449.620636
306.681244|136.572464
67.132309|-39.365932
77.888557|-207.957138
117.115662|-458.395660
-173.925903|312.006470
459.248718|235.415237
80.558411|-35.012012
293.012604|-49.860603
106.920990|-303.502380
-223.689880|495.722687
-311.855225|-62.664207
-118.357285|65.381088
151.686981|338.173157
-435.636230|-400.109436
-397.629333|-394.102386
247.942444|367.843262
-294.504578|-435.803131
305.541779|-25.028433
301.582062|-430.720947
71.870781|-84.052872
10.165305|62.852249
-156.717316|301.924591
-278.893250|-148.576950
263.267761|497.748932
449.907898|-199.373047
-76.204865|12.842108
274.011719|216.880173
198.618759|47.973801
-250.546036|-298.435028
-55.362324|-312.309174
-260.956757|180.013641
-302.550568|-454.443237
-152.460358|200.388824
-7.025824|-432.989380
28.716272|-20.445862
-257.189270|-152.692261
207.975311|142.204803
-277.604919|499.588104
-313.337006|64.268211
-226.288223|390.607056
-56.959206|-275.146576
261.549591|104.809395
-246.914383|139.744568
-25.374708|399.017395
-499.000000|-151.071655
13.791619|-425.651825
-393.732941|-213.054245
-263.513245|299.463654
-200.388489|33.428230
-433.370636|-430.884521
-196.241974|-50.616051
448.230499|-20.581863
469.011414|406.595215
60.703239|-234.029907
456.577606|-474.370789
92.539169|62.488289
442.708557|393.280792
-369.130280|4.064517
481.354980|-169.407166
-308.519135|-57.238503
372.343201|345.433258
490.407013|1.928738
-406.124817|-132.210648
-83.188957|-475.473145
-48.178596|-177.186295
-464.180695|142.191299
260.967468|-9.010489
55.918781|-206.331726
496.452118|-444.916046
76.451195|-478.614288
33.301121|342.081726
145.056015|298.430359
26.438145|421.623444
-480.873688|295.172363
330.907104|43.534153
-323.105560|339.349609
259.790771|-155.844208
138.337601|11.311296
368.367737|9.182607
271.748444|350.121918
-51.562725|82.060783
-390.608337|-254.655655
-426.397247|374.823975
-444.281738|76.280479
431.419006|-385.192200
443.245453|-248.929535
-251.266281|-242.011047
-250.087814|-464.112305
-58.672867|18.357191
37.177616|-454.895477
274.350281|102.068756
-429.766205|497.132355
-255.871506|333.126404
267.969452|-223.966904
-404.848877|20.858984
297.661987|-167.231750
-198.837555|-34.830132
452.030945|303.124481
129.920914|160.495972
-200.047623|475.747040
-250.620712|350.334015
-402.219452|-410.905853
-100.337982|10.358745
475.678802|27.425634
-56.208626|-95.161926
47.297371|-385.901459
-339.761993|110.856071
267.940643|-439.993835
-301.767792|-476.613861
368.077148|-137.477661
-198.366714|187.359070
12.871258|1.709994
-386.471497|347.795044
-146.504883|108.125938
132.049957|350.015472
277.423767|-408.329498
417.556427|282.850098
-295.423340|300.937439
160.753860|148.373672
-149.347824|-85.117699
-130.201096|150.667847
-248.549286|-361.391693
-220.271393|276.876129
327.570465|145.022659
-70.048409|386.744171
-87.432526|463.054993
467.593475|98.004745
60.895447|-92.345871
250.140030|411.733063
10.213309|-438.174561
348.110474|362.930939
-471.792175|-257.404938
-299.354736|-204.215515
-98.147873|217.135147
-461.497467|182.504913
409.965057|-290.967834
491.411041|251.026566
247.014526|-385.441040
-76.167664|348.144073
200.053177|92.755661
232.002625|-328.219513
200.023865|400.477631
-20.992704|171.613174
-162.495255|170.196304
-200.674652|-100.106842
249.571411|345.889435
-254.281662|47.568428
-430.364594|150.222458
-252.078232|-217.580841
131.924423|-316.679657
-86.056564|379.809662
-198.557480|-14.366364
162.755554|15.660247
-324.498383|489.502472
149.763138|-119.510750
-270.390411|157.842209
299.049255|92.672653
-151.316666|-119.422218
388.633728|-220.643509
6.187030|436.591339
218.028610|329.018829
306.067810|412.404755
-450.193909|38.947247
-220.541473|50.014889
-396.743195|-1.775173
-64.062088|-194.446442
-156.664124|-290.353302
126.690453|447.303711
-91.276932|192.148361
-299.962830|-417.000244
386.686462|270.999603
-382.241089|387.667267
-85.637444|59.605335
17.608072|86.307373
61.866074|-287.511261
-230.557846|454.802917
-56.519020|-146.605591
-394.650024|-178.936386
334.685089|-330.810944
-401.690216|49.998928
54.581097|367.634277
113.118561|-97.080193
-67.016716|-109.601738
-285.623138|19.861872
-248.485321|187.179489
51.475628|445.162872
-221.123047|-166.861969
486.916595|285.768280
-6.333741|427.262421
181.332336|32.860893
-261.845367|193.806396
200.055634|123.221031
-55.565384|-340.668335
-83.893272|377.066528
-298.478210|-39.584953
156.931427|199.119522
383.438141|-107.868027
-66.030441|-173.290955
-378.755371|50.561234
-378.110840|-435.185577
140.572250|-220.771225
212.207855|32.936749
242.047882|-74.522308
-232.801544|182.424423
-328.317139|258.981262
-154.375885|-478.908417
-186.961014|448.171112
317.083893|151.689087
439.756165|-176.058380
108.765060|-166.453125
-250.902496|-56.251541
-350.106567|-465.422974
-48.596748|57.070507
134.044876|376.118652
-185.400253|21.390825
-94.870544|-342.538849
350.094269|25.528799
291.558136|-99.377495
369.651245|-200.190445
353.742432|-141.314850
-70.461823|-69.580811
-46.573879|440.263672
-174.709610|46.686687
498.334991|169.093262
219.516510|382.786102
363.848450|-41.656410
-340.953583|95.900635
-293.700043|-73.840317
-249.090973|31.255104
-137.251633|457.416962
-25.628160|250.462891
124.942749|202.890808
-342.623596|66.051544
-377.908997|-448.712830
205.646973|-451.339844
169.996277|343.005463
-293.957336|214.925079
222.159485|-423.970917
-439.384155|482.836273
-400.020416|-467.314819
359.035858|-451.900085
373.357208|-15.211540
-250.057022|-178.444290
-61.493694|391.364166
189.038513|13.947996
-251.703934|80.655121
200.072433|-75.322266
-273.561157|211.415604
-407.237640|-124.566444
-159.883591|-255.742447
-100.419800|-299.013733
-437.578125|-244.862259
-349.763214|-193.356064
-92.469521|237.696594
135.254822|54.935402
69.520988|-188.294296
77.752983|-105.590019
-104.403671|-125.041466
-136.708298|482.553375
195.128296|-182.381454
-400.414124|-363.607971
105.248367|362.256378
151.454437|-471.825195
-487.590576|-400.071228
-107.264282|-336.162170
-150.092285|-388.864166
-160.179413|-57.954311
-361.375641|-123.757736
418.654022|-161.949753
227.381638|-445.451813
-413.554291|-201.010330
-488.644196|105.887527
-33.561588|-55.730984
-449.824677|-455.132141
