-344.620392|-126.653275
-24.069868|-150.146912
-198.642273|288.098389
192.055618|-174.819855
-91.886589|-150.015747
86.927628|99.027443
142.438217|-382.899994
-278.841125|-290.313904
-386.782379|424.427734
-449.677856|435.972656
-94.888306|440.009338
-396.097961|449.123199
429.238586|50.684265
-139.060135|10.877831
138.324142|325.122620
445.163269|-43.935135
-399.302734|-448.340729
148.595505|232.013657
96.816544|-231.695267
-231.286560|249.521133
476.534027|-199.727722
-17.838999|-5.060596
497.637878|93.712837
494.127136|-218.533218
332.290100|461.177338
-150.610504|437.486847
299.422180|185.239014
74.551384|-50.006062
78.297623|-223.113663
104.639137|-481.817719
-149.553909|333.024323
477.805786|193.897537
3.595819|-10.610785
282.405334|-49.965881
145.256332|-386.160950
-233.139999|459.072632
-366.783051|-48.521397
-59.819782|105.070549
188.183594|339.634125
-434.986115|-400.541199
-345.878204|-413.393219
244.216766|377.010925
-300.396851|-469.245178
292.203613|-27.771626
273.546356|-373.225800
73.059357|-78.119881
-23.336193|101.567192
-156.012360|299.382904
-279.544464|-149.325790
182.035767|-485.238403
449.907898|-199.373047
-79.386353|22.767962
366.281189|246.709000
200.713135|51.209244
-248.903687|-299.763611
-79.293213|-368.977478
-271.236511|181.463074
-270.800629|-462.122864
-108.954079|146.741119
-1.437339|479.195282
-9.658476|43.412663
-272.673248|-204.252228
209.917725|141.732254
-276.843201|498.991272
-299.984894|49.891972
-249.843170|393.743469
-118.537537|-334.264282
234.984970|23.155663
-257.665405|137.102020
-26.024256|392.520935
496.235382|-150.522491
15.229710|-464.898712
-450.972046|-291.000000
-267.130585|300.206146
-214.433884|11.163851
-434.675537|-431.877258
-178.481796|-49.604008
364.013275|9.365694
464.788147|399.751495
57.816055|-227.384293
-499.336456|479.341125
51.757805|16.076679
456.414398|379.804260
-463.599548|17.746946
479.910797|-169.702057
-356.489838|-78.135582
373.549957|348.202606
-499.004028|-15.437289
-426.256897|-201.184921
-125.849213|447.242920
-32.010479|-270.623077
-470.351959|99.878998
251.678879|-8.679548
51.332047|-199.899963
-473.774841|-455.209625
130.923950|-499.197449
-1.365924|260.470581
184.411453|301.132874
7.724369|418.384094
469.022186|292.931885
343.503693|52.963821
-357.795990|294.068268
251.902237|-173.283249
135.971985|10.326200
337.875031|7.616119
274.168182|350.172333
-14.572898|66.671097
-347.002563|-325.348328
-391.278442|315.057739
-450.009918|126.332024
402.832245|-412.747833
379.200256|-251.278809
-293.607849|-241.391235
-254.916550|-414.275787
-61.790997|-19.168951
21.054937|480.179321
248.721603|56.119408
-417.317932|434.460510
-299.934784|322.582703
312.563629|-307.287811
-479.928497|1.078407
301.319275|-146.759781
-176.848114|-22.602613
454.550354|303.964355
174.637222|109.115784
-199.798477|460.919434
-253.438400|351.580627
-401.550079|-419.737823
-100.337982|10.358745
414.173706|13.880174
-55.441788|-109.122154
46.846565|-300.717163
-383.754211|82.091301
264.277557|-449.800598
-299.131500|-490.952728
370.518127|-149.650589
-200.489517|183.357758
-12.332478|-23.491768
-323.465912|272.794739
-182.978012|68.496170
88.884102|350.444275
270.962708|-400.168884
379.183044|241.240219
-295.763824|299.869080
159.065414|146.107727
-149.897827|-80.115318
-100.020126|130.869492
-298.074402|-396.127808
-271.645813|232.206238
345.597534|140.263092
-120.763367|307.154602
-31.758804|-483.243439
442.509857|99.841080
63.777386|-91.793518
249.919189|421.220154
16.248482|-433.287506
289.343018|317.687439
442.763824|-245.398972
-299.992920|-203.551636
-126.630981|181.030487
-475.973328|202.853516
342.236847|-254.010559
492.214172|250.507111
235.565674|-418.822571
-15.803455|339.201538
200.474457|92.577652
257.982452|-252.903244
199.749008|395.357178
-77.112434|117.145851
-151.382446|128.114426
-201.977798|-100.391945
249.775146|357.050659
-287.383148|10.925622
-482.667938|149.812256
-257.578491|-224.866150
65.192696|-349.221985
-97.671638|300.494995
-198.267380|-10.369636
157.267624|8.787058
-324.755585|489.407166
193.446365|-189.933502
-310.707123|209.316757
298.949402|98.322418
-150.003967|-113.803085
400.064667|-175.017838
5.585798|437.160461
201.744843|332.610046
343.547546|383.889069
-450.355347|39.428986
-201.316254|39.134819
-448.172668|-15.714180
-34.406326|-221.123795
-216.157639|-357.380432
150.225525|431.139771
-50.631252|199.310425
-306.928955|-419.040192
425.628540|190.325333
-407.356323|417.012329
-85.728127|59.354992
8.302979|82.039642
95.102356|-370.337280
-237.075211|449.961426
-69.697929|-149.830704
-418.508240|-254.908997
281.708405|-352.848358
-399.983429|49.943718
9.514034|294.181549
97.192818|-115.165947
-89.441681|-104.954742
-288.393372|5.879279
-219.706253|130.682205
49.700962|447.163483
-238.377853|-160.927475
448.259430|267.378754
-5.060566|428.340668
177.114838|36.177990
-240.683701|198.762222
201.354385|123.425911
-104.520264|-399.942108
-165.563446|415.550049
-297.520935|-35.939873
129.224396|195.330170
386.961945|-107.604477
-65.816742|-178.312805
-377.553284|49.374794
-360.041321|-424.973907
142.395676|-220.956528
211.139557|21.441360
219.703308|-108.897896
-221.505524|130.622696
-271.870636|226.805038
-152.282181|498.102997
-199.790634|444.290833
282.423950|150.080566
421.624695|-200.100998
121.425468|-150.213715
-280.231934|-126.673508
-354.705505|-465.399231
-48.637882|52.539356
118.797905|365.576874
-172.562546|18.500551
-132.913620|-402.224121
332.877777|29.536736
335.997894|-81.765228
287.252014|-169.578705
349.713074|-130.283859
-124.937103|-101.259544
-55.497501|441.458893
-179.140671|21.227848
-499.720551|126.906258
212.208542|378.725281
342.498779|-18.939182
-334.485931|69.219063
-330.975220|-93.202774
-239.216919|26.922136
-92.195503|430.502045
-29.891005|233.935226
60.227970|196.385971
-348.454010|51.206753
-371.723114|-449.903656
204.324783|-449.694244
186.464996|339.119202
-253.472000|223.211319
215.638031|-429.056183
492.075409|-474.297180
-396.598267|-479.265991
345.697510|-449.886963
355.498077|0.805456
-251.792953|-200.274963
-118.444107|403.289795
184.961548|16.205744
-232.556107|47.231880
167.782669|-147.333191
-289.608368|173.435913
-440.275513|-205.582611
-89.280388|-262.044037
-68.014030|-248.716217
-450.539368|-258.978210
-349.035217|-194.988724
-100.944702|171.425156
134.670013|51.385464
77.858528|-223.010239
7.761577|-157.222885
-156.963852|-149.826920
-174.437363|449.548462
281.224579|-200.207977
-402.971985|-388.618958
107.151115|406.785004
151.494919|-463.862000
-483.571167|-399.941742
-144.589188|-368.065887
-230.820190|-399.498199
-154.855591|-43.892166
-374.611847|-140.078140
426.781921|-159.990036
227.632736|-449.919250
-396.575287|-271.763855
436.427368|141.056091
-34.073780|-50.770123
-467.160278|-496.573700
