-364.979950|-56.662796
-24.069868|-150.146912
-198.464951|288.094818
249.731934|-93.859573
-134.353577|-145.019424
0.924012|163.712784
156.208084|-279.735199
-223.955948|-216.359985
-320.577087|421.639160
-448.704376|424.898468
-128.432678|489.744293
-408.706970|452.109589
402.284515|153.059845
-123.154480|33.177979
177.932739|354.652557
447.822357|-32.321518
-399.942291|-433.481628
122.220177|184.129410
127.135719|-199.195053
-218.050552|248.962814
478.082001|-201.553574
73.854240|48.401833
485.289825|133.831680
494.982758|-216.488693
395.279938|388.424835
-119.583221|451.723022
314.568176|132.711136
72.415649|-32.339741
78.835258|-205.764923
120.986122|-456.241913
-177.440506|309.519623
455.507050|236.585983
88.872162|-31.649921
291.865601|-48.562603
104.562157|-295.487885
-225.159943|-499.063782
-309.744568|-57.633961
-123.970879|60.584114
146.538345|334.786957
-434.594849|-399.416382
-403.570709|-387.366394
247.048645|371.378540
-285.964264|-438.642609
311.561554|-30.982010
307.946075|-437.084961
69.384758|-84.923164
18.749350|60.287380
-158.901291|298.700317
-279.796021|-147.812347
269.600403|-498.606354
449.907898|-199.373047
-77.672806|14.963856
265.174896|215.246811
200.927444|51.901558
-250.162170|-295.891907
-48.312683|-306.923126
-257.368744|171.771133
-300.628998|-452.046631
-155.306366|208.927032
-5.202371|-425.775238
29.251163|-20.776022
-254.882553|-145.029739
211.027298|141.962463
-282.481018|498.257568
-309.638672|72.193214
-219.577133|392.595184
-53.616707|-266.790375
262.143585|113.672768
-240.590576|137.168396
-20.556797|398.996155
498.372314|-149.373383
13.328057|-424.790802
-387.368927|-206.690231
-264.258545|301.310730
-200.165802|38.288841
-436.676697|-434.585052
-189.426117|-49.554234
456.791168|-23.052225
472.854095|408.156342
60.446377|-233.994232
450.665680|-468.676544
95.809601|70.872833
436.575348|394.160614
-360.189545|4.861938
486.898895|-163.096558
-316.354889|-53.255520
372.069366|346.288452
485.170685|8.793543
-413.488983|-127.073296
-77.566704|-468.445190
-48.137325|-168.217209
-459.498474|149.877335
267.655609|-8.786426
54.072624|-202.091660
488.291870|-448.686035
76.380989|-475.920441
31.812656|350.343353
140.952332|290.420807
35.053238|423.838318
-476.319824|296.452301
322.650146|40.782326
-320.770508|337.673492
267.839417|-151.816986
138.558563|11.216521
376.767090|10.960617
269.235291|350.390503
-46.578442|88.356659
-397.945770|-250.097992
-432.857117|380.541626
-441.806793|67.736572
436.529968|-380.163300
451.514252|-251.494919
-250.436844|-242.118835
-250.118103|-463.924255
-56.279823|22.269470
39.677711|-449.054077
268.000397|108.445618
-428.416534|-498.981781
-252.240799|335.754639
262.347015|-216.939133
-396.117554|23.041401
297.661987|-176.231750
-200.224930|-35.549889
448.871399|296.501495
132.891739|160.846115
-200.013626|478.160675
-243.812790|351.304199
-396.661469|-409.063507
-100.337982|10.358745
479.653656|26.594160
-61.709209|-88.093376
50.154846|-394.435791
-333.398560|117.220551
267.268005|-439.352081
-299.061218|-474.619141
362.494781|-142.650726
-202.800812|187.837967
14.109445|1.516224
-389.356689|356.110107
-140.504883|108.125938
130.107620|349.837219
276.227661|-411.110352
417.444672|282.601593
-296.554565|303.347565
161.492142|150.375595
-152.476135|-91.387688
-130.946045|149.549820
-242.185333|-355.027679
-217.343307|284.725250
323.998871|150.241699
-61.438072|387.663116
-90.623459|464.095123
472.289612|95.733543
59.082623|-91.637688
249.209564|411.646790
10.673573|-443.707611
356.649872|365.479065
-463.839233|-261.394928
-300.188080|-205.526199
-91.795090|223.510254
-453.535492|178.352890
417.580231|-294.360168
497.256317|245.524765
250.265579|-377.221680
-85.167664|348.148529
199.981628|92.574280
227.010254|-335.707794
198.579559|395.216034
-12.262764|173.801361
-164.314224|175.351654
-200.451172|-100.217659
248.668961|337.478516
-251.417038|55.982010
-421.703003|150.768265
-254.213486|-217.842575
133.898682|-308.073883
-80.726036|387.009674
-198.661392|-14.176294
163.286453|14.058195
-327.058350|492.102203
149.093552|-111.215942
-264.613403|159.889893
302.108856|89.890930
-150.620300|-115.786095
382.804901|-227.229950
6.118754|438.674713
221.801437|328.703949
298.579529|417.396942
-457.012665|43.905037
-222.497406|50.116978
-388.386993|1.567322
-72.665764|-194.553375
-152.299103|-284.411316
118.611404|451.268219
-97.040710|185.270020
-304.508759|-418.033783
381.620575|278.421539
-376.408447|380.902557
-85.626053|59.460617
25.066507|85.454941
56.846092|-280.074799
-237.015732|458.130341
-55.705791|-137.668625
-388.643372|-172.939987
340.085236|-323.610870
-401.690216|49.998928
59.947620|374.810059
120.508041|-92.036491
-64.657104|-104.580338
-285.926849|18.157892
-255.964081|188.826080
49.438534|450.584137
-217.433731|-165.929611
486.571564|285.018616
-8.673211|426.368347
180.959198|32.723946
-269.650757|195.607529
200.125610|124.534286
-48.097977|-336.714569
-75.916542|372.921814
-298.542969|-39.958538
161.501251|206.713425
383.475037|-106.998810
-71.940750|-168.096939
-372.410950|47.878223
-375.992737|-437.520691
140.132294|-220.586868
212.446777|34.039429
244.144257|-72.919098
-230.785263|190.561737
-337.317139|258.981262
-151.262863|-470.466156
-184.069733|453.683624
314.597900|157.882599
446.025848|-171.742432
108.765060|-175.453125
-250.902496|-47.251541
-351.992859|-463.183380
-49.939404|52.511902
137.216217|374.893524
-186.467209|23.294247
-86.046219|-340.769318
350.019318|24.795816
286.973969|-97.915207
376.407257|-200.097778
351.913574|-146.525589
-62.782978|-65.238937
-45.554195|445.903687
-173.228577|47.221737
499.000000|177.828247
220.688858|382.812988
362.347870|-48.980503
-344.744904|103.378151
-293.924377|-65.376945
-244.860123|31.561115
-138.129547|463.114899
-16.957863|251.326050
130.942749|202.890808
-342.722168|73.862999
-376.577728|-450.169189
207.031052|-448.627869
167.772812|351.093781
-302.677704|216.642532
217.303375|-425.403625
-431.222992|484.724518
-400.307953|-465.707886
359.098724|-443.722687
380.555817|-15.609868
-250.207901|-173.860229
-59.986641|399.954041
189.500198|13.233283
-248.316864|84.851151
200.327301|-66.571449
-273.426819|220.298492
-410.890656|-116.367874
-166.341034|-259.468567
-107.368858|-304.723999
-436.160431|-245.766876
-349.105652|-193.606369
-87.429504|244.630646
132.116135|51.413681
70.709396|-181.794144
82.819595|-98.384308
-103.848076|-125.100067
-135.155670|479.275543
186.258896|-183.577789
-403.689972|-357.096252
99.462029|355.932831
147.650406|-465.698242
-490.327789|-400.560669
-102.610031|-330.074860
-151.592545|-384.779999
-160.475723|-56.237328
-360.342834|-122.116737
415.915833|-160.161423
224.354111|-446.042725
-417.488129|-193.063385
-482.280182|99.523605
-39.251797|-56.655289
-445.546570|-449.652496
