-345.938385|-124.838264
-24.069868|-150.146912
-198.470505|286.966797
191.979340|-172.826447
-92.417564|-149.997879
85.523766|100.263031
143.372543|-380.853241
-277.238770|-288.734375
-386.460876|424.051636
-450.064789|435.414886
-96.882149|440.772675
-395.472565|448.074615
428.692841|52.867088
-137.705582|12.069388
138.596527|325.432831
444.616974|-44.168282
-401.050751|-449.109344
146.583038|231.007446
96.152153|-231.388489
-231.643875|250.348099
478.084930|-199.286026
-16.245985|-3.471630
499.000000|94.221313
494.248993|-217.265137
334.089539|459.826599
-149.518448|437.302734
299.802185|183.817322
75.146957|-50.098579
77.871262|-223.209656
104.073914|-481.401276
-149.295731|332.849579
477.768768|193.955521
5.732378|-11.316197
282.478821|-50.103199
143.384277|-384.912781
-234.471970|460.070679
-364.576904|-48.910271
-61.912800|104.258698
188.409637|339.675629
-436.683136|-400.973511
-346.412079|-411.207520
243.877625|375.893402
-300.128021|-467.012085
290.092041|-27.649826
273.901184|-372.704224
73.025070|-78.270454
-23.271191|101.442551
-156.449005|298.683624
-279.801056|-150.162476
182.282089|-485.614868
449.907898|-199.373047
-79.357185|22.703356
364.624756|245.560120
201.693710|51.119537
-249.553360|-300.130432
-79.397224|-366.735046
-270.531647|179.481400
-270.858459|-462.047180
-111.203072|146.702591
-1.791032|480.795258
-8.949682|41.277237
-272.014618|-203.630203
210.652588|141.490845
-277.248688|498.917236
-299.963104|50.117123
-250.112488|393.437134
-116.303055|-334.527924
235.030853|23.489117
-258.902557|136.507004
-26.104332|392.437012
495.390961|-151.900269
15.471291|-462.790985
-449.381195|-289.408875
-266.788605|300.204590
-213.347473|11.568044
-434.673492|-433.059967
-179.297089|-49.386051
364.800079|7.867589
463.595673|399.628296
58.194794|-227.615112
-499.074677|481.464020
52.268517|15.888539
456.953766|379.816956
-461.417786|17.199842
479.838470|-168.748596
-354.261353|-78.440086
373.440918|348.859131
-497.019379|-15.867954
-427.486328|-199.306900
-124.514977|449.054504
-31.808378|-268.382538
-470.062653|100.120720
251.361877|-10.090805
50.406887|-199.755020
-472.900055|-456.690277
130.142746|-498.777039
-0.140776|262.357758
183.914642|300.286957
8.424839|418.514587
469.258759|293.884735
341.258728|52.817257
-357.883179|296.316559
250.075760|-173.270111
136.092773|10.457572
338.485199|7.696225
274.138214|349.923798
-15.580238|68.682999
-346.606659|-323.324738
-392.458130|316.967682
-450.051788|126.306717
402.973877|-414.012909
379.920959|-251.410736
-292.419189|-242.505814
-254.461227|-416.471863
-60.973965|-18.342649
19.968834|478.942383
250.688477|56.609322
-417.173096|434.050842
-297.848785|323.425110
313.833771|-305.438751
-477.929962|0.657455
301.477234|-147.336639
-177.114914|-22.035446
453.054565|304.272552
172.512985|109.445915
-200.051895|460.738434
-253.482132|351.717041
-401.020844|-417.957977
-100.337982|10.358745
416.168274|12.848553
-55.355843|-108.907623
47.550468|-302.854218
-383.853943|82.114014
264.460571|-450.274506
-299.564240|-489.435181
370.060547|-149.798630
-200.802444|182.811996
-12.164386|-23.091091
-325.056915|274.385742
-181.536545|70.090721
90.945686|351.343872
270.981964|-400.841309
378.369659|240.080780
-295.186432|300.530121
159.153793|146.237213
-149.818268|-80.297729
-99.522354|132.381058
-298.408386|-396.015472
-271.049622|234.363144
345.657990|140.096146
-120.321243|309.360718
-31.811356|-485.489410
442.694336|100.261642
63.766747|-91.774330
250.021439|421.024750
15.996698|-433.452484
289.716125|318.378174
444.955841|-245.906189
-299.997345|-203.374802
-125.931587|181.526505
-475.930420|202.859863
343.479431|-255.886322
493.427216|248.777405
235.522110|-419.466156
-16.146564|339.920166
200.313904|92.633560
257.708069|-251.682434
198.725220|394.424286
-77.595894|119.238083
-150.812225|128.889496
-202.007065|-100.607956
249.934601|357.348694
-287.357086|11.032475
-481.312561|149.512039
-257.625763|-224.385925
67.394669|-348.759979
-98.881035|300.549408
-197.787216|-11.450001
157.393951|8.992276
-324.737061|489.091766
192.288544|-188.004272
-310.895081|208.540802
299.817780|97.290436
-149.309158|-114.498230
400.312866|-174.296173
5.592607|437.273132
202.148376|332.840790
345.156708|382.523926
-450.158966|39.940994
-201.149628|37.896469
-449.237793|-15.532845
-32.729233|-219.658539
-215.369873|-356.357727
149.971939|431.262573
-49.587414|200.298752
-307.414429|-419.192566
424.679169|192.360718
-406.539703|416.826385
-85.786629|59.361797
8.161544|82.452156
95.163612|-368.088226
-236.899582|450.163300
-70.432991|-150.457855
-417.371033|-252.969009
282.134399|-351.360718
-399.842773|49.958645
10.759265|296.055023
97.151222|-114.805412
-89.526825|-104.844666
-288.434448|6.068636
-219.535431|131.162659
50.201321|447.259735
-238.687134|-161.413010
447.290710|268.953674
-5.018330|428.316132
177.313171|35.934540
-240.832825|198.614319
202.369873|122.617966
-103.732666|-398.885406
-164.299088|416.050903
-297.622009|-35.981163
130.917389|195.738846
387.169891|-107.263573
-66.581848|-178.016602
-377.304443|49.697121
-360.349457|-425.296844
142.459015|-220.884506
211.285706|21.501678
219.689758|-108.467506
-220.521225|131.686768
-271.932495|226.686768
-152.620667|497.534546
-199.523605|444.546234
284.320007|151.254486
420.788239|-199.098724
121.555855|-149.506348
-279.186615|-125.511230
-353.827698|-467.470123
-48.495667|50.315769
120.707870|366.757080
-171.944382|18.907320
-131.337082|-402.399353
332.264954|29.304419
335.885773|-81.832077
288.968658|-170.365356
349.574982|-130.564331
-124.775673|-101.524292
-56.271404|440.101135
-178.687485|21.102955
-498.747711|128.902313
212.335251|378.549042
341.575562|-18.019821
-334.907990|69.437462
-330.865784|-93.385048
-240.348785|28.253963
-93.354263|432.430450
-29.792429|233.971863
61.727222|196.382233
-347.742554|50.353783
-371.382904|-449.946899
202.417679|-448.620453
186.366379|338.863678
-253.033051|221.199326
215.710052|-430.340546
493.041748|-475.630096
-396.387299|-479.268005
345.469604|-450.272247
356.556976|-0.304143
-251.819763|-199.373032
-120.351578|403.858002
184.919098|16.100842
-232.665421|45.881824
169.253571|-145.631165
-287.595398|174.314972
-438.104889|-204.998779
-91.220634|-263.034760
-68.907265|-250.529007
-449.902313|-258.389923
-349.805817|-195.008408
-99.865280|171.454285
134.725952|51.754387
77.807281|-222.505508
9.009788|-155.352676
-154.835724|-149.886398
-174.819229|449.370850
280.848633|-199.469223
-403.905914|-389.700348
107.009842|406.655975
150.963226|-463.863495
-483.416504|-400.097900
-144.572968|-368.134125
-228.678833|-398.822968
-154.519669|-43.504787
-374.474213|-137.969543
426.461548|-160.845810
226.364258|-450.018402
-396.350677|-269.541656
438.018372|139.465088
-35.277599|-50.984146
-468.340973|-497.040771
