-375.894073|-53.934608
-24.070257|-150.147415
-199.283508|291.602753
259.093231|-87.620285
-145.356232|-144.199448
-8.071069|170.469299
161.038315|-269.577484
-229.739578|-207.114395
-311.259491|415.529602
-450.014954|415.763641
-127.918648|499.000000
-416.102142|452.198547
399.555786|163.973846
-123.969925|33.873798
183.220047|359.588287
450.612427|-31.469000
-400.283661|-430.814301
124.375717|183.606583
130.702042|-188.525284
-222.707779|255.241882
478.149414|-201.951981
84.869881|49.350861
480.258545|143.894012
498.316284|-217.172302
404.743744|384.074249
-116.823563|448.206787
323.731293|126.546928
73.178947|-21.140779
78.955978|-205.139877
122.570297|-455.932983
-177.766586|302.957001
452.079437|240.219467
98.638603|-26.418957
297.741150|-53.864079
100.382545|-285.059387
-226.996674|496.153168
-318.888062|-52.067959
-127.432259|54.109852
137.060349|328.788574
-436.812286|-393.785461
-413.013153|-385.496765
246.379456|377.610107
-275.779175|-440.890167
320.225250|-33.979649
315.901093|-445.039978
77.859795|-81.314804
29.765116|58.026802
-158.897369|299.528107
-282.517456|-149.594360
277.540344|492.727448
449.907898|-199.373047
-78.778633|23.353958
254.972229|218.085052
198.351181|48.265507
-248.467438|-302.785980
-40.306622|-299.036163
-251.181793|163.258743
-301.956543|-447.307526
-158.864197|219.599655
-4.303520|-415.550659
29.074793|-21.050055
-252.676132|-133.998306
210.424713|143.637573
-275.764496|499.812378
-304.469727|81.434196
-209.979263|392.161316
-49.438583|-256.345123
261.204559|121.346260
-232.123260|133.661743
-10.537771|398.722168
498.566162|-155.360764
15.573829|-416.587433
-379.413910|-198.735214
-268.071136|299.052643
-199.736267|43.988766
-436.292572|-434.587677
-182.368378|-46.433456
460.701355|-26.657831
479.719330|409.150208
59.473400|-229.631973
450.115875|-458.432526
97.355881|81.779839
431.782776|389.706512
-349.006561|3.835363
493.838654|-157.856323
-325.712982|-47.011848
370.785889|344.524353
479.970642|18.536264
-421.754517|-119.888054
-70.538948|-459.660248
-50.804676|-157.823868
-452.575592|158.703796
276.305908|-7.316119
48.070702|-204.318268
477.181549|-449.848145
77.277191|-472.814240
36.057270|360.739868
134.187805|281.496246
35.475266|430.245789
-474.159332|293.755219
313.017242|35.968010
-318.350220|335.907593
277.616119|-146.303909
138.269135|11.547511
386.983185|11.503399
277.251984|349.942780
-41.432152|98.041481
-406.621521|-249.788727
-441.152374|387.950470
-440.257446|57.066109
443.618500|-371.427734
462.764252|-251.494919
-251.452103|-240.929276
-249.779114|-464.470032
-52.830540|27.612797
43.511486|-438.479309
260.106567|112.607407
-434.204498|-489.334869
-255.428635|332.828766
255.319000|-208.154419
-385.196747|25.742823
297.661987|-187.481750
-200.091263|-35.654392
456.421265|298.164581
122.208038|162.160416
-198.784515|477.876099
-241.282135|349.695923
-385.721680|-407.989838
-100.337982|10.358745
483.271851|29.933193
-64.237160|-77.869614
54.319477|-404.879852
-325.457947|125.189743
266.613403|-439.291504
-299.406372|-474.394775
368.166504|-143.536407
-200.089935|183.922913
16.448063|1.767391
-391.256256|366.342010
-133.004883|108.125938
129.281464|350.427887
269.613953|-404.088531
417.968750|283.083801
-298.173004|305.711395
161.869522|150.168976
-143.932388|-87.751808
-137.766418|150.612778
-234.231247|-347.071869
-214.172165|295.516479
332.408478|147.324081
-51.516445|383.802551
-90.249725|461.101410
477.953033|92.362907
55.447868|-91.810013
246.470490|410.404877
12.053859|-454.750000
367.563873|368.207794
-454.301849|-265.350922
-299.855164|-206.773376
-84.208168|231.806534
-444.504822|171.747345
425.077179|-302.630219
-499.000000|253.030060
256.512878|-369.273163
-96.275871|349.240570
200.641617|92.658134
220.770279|-345.068695
199.227600|391.060883
-1.450800|176.884949
-164.713287|176.260529
-198.410187|-103.323212
252.296005|328.611023
-242.725128|62.978363
-413.659607|150.480743
-247.744934|-218.058868
140.144226|-301.164093
-72.882538|394.802826
-197.928467|-15.769544
162.901901|18.338665
-328.399414|494.569031
147.613174|-101.270737
-253.659760|162.170380
311.485535|83.674843
-150.755508|-116.831543
375.031158|-234.462494
6.761519|440.770538
227.402496|327.063232
289.219177|423.637177
-461.457916|51.876274
-224.097351|49.527557
-377.941315|5.744628
-82.309357|-191.026581
-150.131638|-278.180481
108.992355|447.634338
-100.741821|175.930893
-301.711212|-426.834259
378.480682|288.738892
-370.197540|371.752228
-85.448578|59.530910
34.079620|89.357468
52.645672|-269.871399
-247.275391|456.044830
-52.251080|-127.006721
-380.106995|-166.037735
346.835419|-314.610779
-401.632690|49.987263
65.798462|384.388824
129.667328|-85.799683
-64.588524|-104.460670
-286.627563|15.190065
-265.223450|190.655182
49.406784|453.548645
-216.832657|-163.710617
484.586578|284.518402
-9.801258|426.216583
184.188126|24.388382
-277.667572|202.010254
198.568909|124.288239
-36.991062|-335.296753
-65.036369|370.952026
-298.597351|-39.617455
167.289215|216.360107
384.747131|-103.496613
-75.800980|-162.422455
-366.889191|49.933170
-372.946228|-429.993744
139.040787|-220.447159
222.235947|37.596901
249.867447|-69.873116
-226.957489|193.784821
-348.567139|258.981262
-147.886581|-460.276062
-180.956390|464.443390
308.984283|166.706635
453.582886|-166.166214
108.765060|-186.703125
-250.902069|-36.001541
-350.201752|-466.344238
-50.935207|53.820419
146.513901|376.074615
-179.537537|21.712088
-75.056023|-338.372955
349.672119|23.041058
285.143341|-96.689507
387.089142|-199.776215
349.737274|-156.663437
-58.329758|-58.630402
-53.865601|453.468475
-172.392044|46.599323
498.395020|187.455627
222.180313|383.161835
356.501221|-55.142960
-343.156586|113.156975
-285.601532|-57.937157
-253.047653|32.854954
-137.569580|465.811523
-5.831932|252.720535
138.442749|202.890808
-347.687500|83.724815
-383.822083|-455.779022
201.756332|-456.866486
164.221069|361.530212
-313.068634|220.562134
210.477722|-426.594727
-420.777740|480.546509
-398.683136|-460.524567
359.098816|-432.472687
389.976776|-15.972636
-251.006714|-178.471497
-56.927139|410.155243
190.091751|12.107116
-244.643494|94.498497
197.894135|-56.855030
-274.592987|230.991257
-412.979401|-105.782791
-176.616959|-262.242706
-112.752518|-314.362335
-438.228668|-249.964050
-346.789093|-197.320694
-77.892693|249.355911
139.961227|50.342041
73.008438|-176.069855
89.598564|-89.536896
-101.907753|-125.278389
-129.734924|487.580353
175.469971|-182.340637
-405.915924|-350.388184
90.463600|349.180756
152.969009|-461.332336
-493.628845|-399.161407
-97.568924|-325.185120
-149.711761|-383.928467
-161.428360|-51.825840
-361.943665|-119.517456
414.210480|-159.148102
221.003922|-447.304901
-422.519409|-183.001053
-474.325439|91.568398
-50.234989|-55.225101
-436.610535|-445.937225
