-348.241455|-121.002754
-24.069868|-150.146912
-200.066727|287.868591
191.807190|-168.755768
-93.173347|-149.898773
81.923775|102.963013
144.863525|-376.614624
-273.987183|-285.623840
-385.958405|423.724884
-449.573486|434.968689
-101.327538|441.261780
-395.975891|447.967285
427.601349|57.232735
-134.941101|14.835729
139.634827|326.037415
444.217804|-43.950214
-401.719818|-450.350006
142.558105|228.995026
95.221756|-230.415680
-231.747131|250.063614
479.429413|-200.169525
-13.052595|-0.301105
-496.543732|96.709801
496.278198|-217.372955
337.685883|457.121735
-149.562698|438.449829
300.506073|179.513306
73.871040|-50.251663
78.151489|-223.270752
103.039246|-480.387024
-149.137695|333.287445
477.561554|194.071671
10.008618|-12.717424
282.539795|-50.099125
139.640625|-382.415771
-236.175720|462.694000
-361.158356|-51.774212
-66.225967|103.024185
188.864304|339.841797
-436.648712|-400.414307
-346.848999|-406.746185
242.855957|374.495300
-300.267212|-462.545410
286.552917|-27.546358
273.804657|-372.405670
72.847244|-78.458092
-24.096346|101.114204
-156.276215|300.575256
-278.601959|-150.036545
184.399582|-485.521515
449.907898|-199.373047
-79.378181|22.811834
361.087097|243.087982
201.774719|49.829197
-252.031387|-299.889282
-81.874001|-363.935150
-268.868164|178.243118
-270.756348|-462.096008
-115.673691|147.177994
-2.070381|484.504486
-7.763685|36.939087
-271.922455|-203.639465
208.610443|141.401978
-275.647797|499.009552
-300.052246|49.109539
-249.714996|394.154846
-111.833603|-335.046570
234.613297|23.925207
-260.226715|135.885712
-26.165426|392.361023
494.558990|-151.044617
15.795622|-461.138885
-446.200073|-286.226044
-265.264984|300.004333
-210.496902|12.345871
-434.024048|-432.479034
-179.848770|-51.002724
367.110199|4.012479
463.926727|400.831970
58.022552|-227.746216
-498.170532|485.152191
52.594109|15.637038
456.603851|380.235870
-457.056122|16.110643
480.898468|-168.175552
-350.148804|-77.383934
373.651886|349.038513
-494.026978|-16.612001
-428.759552|-195.038437
-121.768768|452.619324
-33.096825|-264.210480
-470.454285|99.249832
248.274490|-10.576220
50.104759|-201.366531
-470.474396|-456.169525
129.572845|-499.000000
2.148718|266.229828
183.540253|299.138062
8.072055|418.143127
470.074219|295.331604
337.964020|51.971489
-357.948669|300.815765
249.220566|-171.859848
136.703186|10.997791
339.277985|7.931711
274.272217|350.211578
-17.650076|72.678238
-346.326996|-319.682007
-394.723267|320.846924
-450.034363|125.356621
401.501556|-416.031219
381.268707|-249.877045
-290.086304|-244.446228
-253.897308|-420.832367
-59.427509|-16.732458
18.278769|478.838745
251.831039|58.147892
-415.946716|433.054626
-293.562561|324.603302
314.258270|-301.167938
-473.622009|-0.568335
299.845490|-145.619781
-177.745453|-21.080519
452.319275|307.662781
168.183517|110.630127
-200.120193|460.609070
-251.520721|351.168945
-398.277435|-415.403503
-100.337982|10.358745
420.550354|11.957624
-55.007492|-105.308762
48.889721|-307.150055
-383.758484|82.319786
264.995911|-450.274780
-299.922180|-489.056366
368.251404|-150.155930
-199.467422|183.123917
-11.776572|-22.419830
-328.238678|277.567902
-178.798340|73.519150
94.280922|351.845367
271.055969|-399.753601
380.430023|238.162292
-294.263458|299.855316
159.604980|146.851593
-149.969284|-79.911247
-99.994316|134.885147
-301.111328|-397.991058
-267.430542|236.700394
345.833282|140.484360
-119.433113|313.772217
-33.947411|-489.271851
442.812347|99.307426
63.790836|-91.712967
249.909500|420.988708
15.764865|-433.601593
290.631409|319.805420
449.341949|-246.890518
-299.935822|-204.845322
-125.978119|181.046768
-475.980072|202.898178
345.926666|-259.662567
496.998260|246.234772
233.248901|-418.685089
-17.056906|341.469177
200.066132|92.782074
256.066467|-248.946213
199.339096|394.970917
-79.205315|122.827080
-148.737488|130.754364
-200.942963|-99.211693
249.692886|356.957397
-287.318695|11.279489
-479.917908|150.597595
-257.040710|-223.796249
71.862175|-348.308807
-102.124298|298.104675
-200.093521|-12.333070
157.654785|9.179711
-323.612579|487.340240
189.971954|-184.146362
-311.087982|206.766449
299.939148|96.425377
-150.702316|-114.989189
400.412933|-173.320328
5.625792|437.459778
202.460098|332.702118
349.114563|381.991516
-451.364807|38.413998
-200.072006|38.550098
-453.564331|-15.986664
-28.417173|-218.467224
-213.598114|-354.681793
149.932587|430.986572
-48.905807|199.724594
-308.875244|-419.579834
422.954071|196.508224
-405.333710|416.653473
-85.637428|59.518978
7.795348|83.290230
95.816353|-363.646454
-236.452042|449.927917
-70.422302|-149.434052
-416.222137|-248.774170
285.407043|-349.758881
-399.934570|50.014553
13.915715|299.237793
97.372627|-114.331161
-89.541748|-104.702118
-288.337830|6.313661
-220.415665|129.604965
50.259724|450.437286
-239.490005|-162.786850
446.857666|273.419067
-4.937426|428.320709
177.566803|35.537762
-240.267899|199.433090
202.315704|122.083397
-102.952682|-400.372986
-161.254852|417.144592
-297.744232|-36.180790
130.645157|197.185181
387.480347|-106.467949
-66.192078|-178.121567
-377.101563|49.933361
-361.282257|-426.356659
142.531250|-221.067551
211.358795|21.699934
219.868835|-107.825676
-219.453201|132.211563
-271.896515|226.919296
-154.233170|494.061798
-200.194687|445.005554
286.326630|151.156128
420.494812|-199.757263
121.366249|-148.699615
-277.100616|-123.028427
-351.724915|-470.126587
-49.403214|48.357571
124.155930|369.589539
-170.852509|19.094896
-127.162033|-401.082031
332.593292|28.157410
335.975708|-81.915848
292.602448|-169.055359
350.047180|-131.098648
-122.345016|-102.548073
-54.233788|437.242920
-179.020950|20.976799
499.442871|131.820221
211.797668|379.111084
339.748627|-19.188194
-334.878723|69.838875
-331.050598|-93.372925
-244.185989|28.539509
-96.245781|435.849457
-29.849453|233.627426
64.673958|196.116257
-349.358429|50.780155
-371.704865|-450.040009
199.142853|-449.461121
186.357605|338.784271
-251.160019|220.330795
217.204865|-431.571228
495.308899|-478.471497
-396.125214|-479.352081
345.726196|-450.182617
357.216400|-2.949467
-250.070297|-197.114243
-121.231628|403.973724
184.964478|15.935358
-233.040924|45.188789
171.518539|-141.756073
-283.617432|175.602554
-435.122406|-201.858994
-94.317612|-265.813568
-70.467018|-254.506851
-447.130463|-259.194794
-349.922882|-195.125259
-99.670441|170.820267
133.116394|50.195572
77.416557|-221.728088
11.449344|-151.574280
-150.688568|-149.774536
-174.625580|450.741608
278.092743|-200.264694
-404.265625|-389.644562
106.908508|406.245972
149.388321|-461.029175
-483.701996|-399.792358
-145.443329|-368.068878
-224.579376|-396.987305
-154.011459|-43.636063
-372.434662|-135.499237
425.756500|-161.872116
225.599976|-449.897400
-398.088928|-266.372162
441.200378|136.283081
-34.736389|-50.324299
-467.360535|499.563568
