-350.050629|-100.717987
-24.069868|-150.146912
-199.407516|288.337280
202.202011|-149.850540
-99.036034|-150.937836
62.123825|117.812912
144.768280|-352.031708
-252.782959|-275.396973
-379.912201|419.553436
-448.775543|434.695282
-112.616386|453.699432
-397.185059|450.486938
421.602722|81.244804
-129.224487|21.470119
148.976379|334.273865
443.662292|-43.865540
-398.114075|-443.483032
123.570648|214.984604
102.040405|-228.168198
-233.663223|250.520630
477.409088|-203.103043
5.391550|16.182964
-498.096649|98.501877
494.602356|-217.225464
349.672821|438.050690
-148.468262|438.517883
295.899963|170.704224
74.731239|-50.517654
79.237366|-225.145981
111.582985|-478.137390
-147.532211|332.300995
476.230621|196.907776
33.811493|-19.211121
283.256989|-50.201439
124.790749|-364.593048
-238.830292|473.978638
-343.793610|-69.405540
-90.579155|104.057053
182.172806|332.394653
-434.939667|-401.393921
-364.645660|-399.716949
245.522903|376.075958
-298.517517|-450.369019
268.448944|-26.973913
280.626038|-378.172455
70.833946|-81.898033
-32.005821|99.235054
-154.910568|301.139343
-279.132477|-149.894119
205.041336|-480.198639
449.907898|-199.373047
-79.934364|22.193415
339.500763|233.231339
199.733856|52.421394
-250.232376|-298.548645
-100.018661|-351.478729
-261.379730|180.629700
-271.841583|-462.483948
-136.070679|153.914413
-7.749540|-492.267456
-0.336766|13.461266
-273.753723|-201.678864
208.862885|142.491486
-276.964844|494.604218
-299.642700|48.279209
-250.381866|388.321320
-95.527878|-318.439514
232.686584|44.825779
-255.490891|137.548157
-26.116014|392.293518
499.000000|-160.008865
20.245102|-457.172119
-430.409698|-267.463379
-262.150696|299.812347
-199.956863|16.733091
-433.588959|-432.470123
-178.193192|-49.220291
387.082672|-1.087021
465.439026|401.531403
58.945576|-229.342987
-497.913971|494.949677
45.168354|27.155626
457.093475|379.774445
-433.535522|8.423923
480.815674|-170.875977
-338.882507|-78.058929
373.428558|347.567688
-483.918152|-15.662619
-419.782410|-174.460495
-111.132980|474.200195
-38.508392|-240.736160
-475.861511|90.691078
248.013901|-11.053078
51.572788|-212.270950
-473.040710|-453.110443
110.595634|-498.456146
1.075159|284.225128
184.524582|300.859924
9.940275|417.016113
478.481079|298.858582
337.723724|50.264297
-348.869934|321.451355
251.523773|-173.142471
138.704697|11.091599
338.791290|9.506463
274.472015|350.173889
-32.087711|86.303978
-353.202148|-305.223083
-398.975220|344.315704
-450.119385|120.305779
400.662720|-417.366730
383.854065|-251.564148
-276.089905|-248.866852
-253.407303|-438.619171
-52.215366|-4.332790
20.892595|492.067078
248.072632|67.894028
-420.348907|446.495911
-280.793335|324.721497
298.904572|-281.769470
-454.508453|4.894454
299.803406|-146.132874
-173.418930|-27.070248
450.021149|298.293793
152.008804|122.987946
-199.681351|461.867950
-258.618317|360.090973
-397.506073|-411.575958
-100.337982|10.358745
444.908386|15.470491
-57.429085|-106.410889
46.102695|-330.118195
-381.391327|82.595131
267.925781|-449.849579
-299.797272|-487.987122
368.501465|-150.373444
-199.858505|186.212982
-5.468350|-18.844269
-345.321045|295.451172
-167.938065|86.041458
106.089867|352.449860
275.095520|-399.473206
395.326996|251.614105
-288.900818|301.049438
160.473755|149.093414
-150.514893|-78.443146
-111.328194|147.323120
-288.240692|-398.463348
-268.134613|251.010529
345.808899|140.210037
-108.743309|335.194824
-49.997772|491.427246
442.215210|100.392487
64.051529|-91.661697
249.927887|418.759369
14.700765|-434.429596
297.213409|327.674408
471.318512|-248.232025
-300.046539|-206.281891
-125.262680|180.430771
-475.975037|203.689606
356.393188|-276.969177
490.509125|251.833038
233.934143|-419.195892
-20.044956|347.112152
200.135406|92.518219
250.144135|-266.979858
200.974380|399.941132
-73.326324|136.431946
-150.324982|133.187164
-200.553680|-99.836273
249.686096|357.257751
-286.952301|12.679233
-486.386414|146.628326
-256.940430|-223.487396
90.603065|-355.313507
-104.694138|318.322845
-198.591232|-10.191740
160.184967|11.129404
-323.420624|486.958557
175.253937|-164.540283
-304.343201|189.342438
299.396210|98.327087
-151.034164|-113.866882
404.442261|-173.778778
5.559270|436.930634
204.315857|332.162842
345.675385|383.398712
-451.069611|38.644009
-198.723434|39.588356
-454.208954|-12.761932
-31.812775|-201.533173
-199.135681|-338.929962
150.051636|430.802887
-47.246822|197.320953
-299.695251|-414.985138
417.568909|220.534805
-408.189301|424.054291
-85.653343|59.655914
6.448338|84.788292
100.626564|-341.117065
-234.112244|449.702148
-68.581528|-149.638733
-419.760712|-229.470581
302.075623|-362.748566
-400.118561|49.800346
33.672775|314.144287
98.328125|-112.552910
-87.853897|-105.467125
-288.031982|8.745086
-226.336868|131.171799
51.008587|446.444031
-248.228592|-170.925476
467.528748|278.931305
-4.878452|427.984802
179.632507|34.876667
-240.084030|198.189026
196.100113|124.382683
-83.785316|-397.075287
-140.372986|411.646332
-297.772858|-36.075039
141.789139|201.264069
390.191376|-101.324623
-66.741852|-177.965454
-377.185577|49.964809
-370.518585|-429.572601
142.088715|-220.833008
210.616821|20.508245
220.135971|-106.579071
-219.835175|135.576263
-266.982635|239.438080
-154.512253|495.928131
-199.794159|442.554108
283.380890|145.551117
418.890656|-199.140457
121.281548|-147.850159
-267.197815|-105.888016
-352.519623|-465.579102
-51.808201|49.431816
130.567291|377.355499
-170.652786|19.021791
-118.953255|-380.550568
347.656219|29.874931
333.804901|-82.910545
310.083679|-179.084076
350.336182|-129.502594
-112.875984|-81.474777
-50.519810|441.119781
-179.472504|22.658541
-499.354156|140.406815
210.841537|379.517456
339.123749|-20.487883
-333.321716|74.951836
-330.696930|-92.609619
-242.023453|28.121721
-108.024940|442.241211
-27.931107|233.751831
81.066101|196.014465
-351.743622|53.840858
-376.716980|-450.139130
200.726440|-456.130981
186.658188|338.919006
-248.204178|228.250488
227.234665|-430.476288
-483.248047|-490.223938
-395.250763|-479.511017
347.876434|-450.040436
343.951965|-20.409372
-250.306549|-195.687607
-102.320404|408.595032
185.365219|14.929896
-239.501328|47.207150
188.296890|-125.761078
-271.268127|189.887939
-433.487396|-178.502014
-99.132545|-278.585602
-77.873810|-273.726349
-439.498108|-250.098236
-350.091827|-194.006226
-99.535301|177.689163
138.700439|51.797771
80.812172|-231.253799
24.241142|-130.806381
-128.346298|-139.539902
-166.390533|447.401611
255.540604|-194.880585
-403.750519|-391.122131
107.748184|404.551483
155.763779|-462.793213
-483.476471|-399.960144
-146.731049|-368.485260
-205.876022|-380.844696
-156.283585|-52.244862
-365.055969|-128.290619
426.785004|-160.618423
216.966446|-449.845825
-410.617584|-247.804932
458.703033|118.783798
-34.611160|-50.200340
-462.150787|-492.219391
