-349.840668|-85.564453
-24.069868|-150.146912
-199.143036|290.571930
218.675842|-137.060364
-93.728874|-148.148712
45.323868|130.412827
150.200836|-332.046936
-254.202942|-256.548248
-368.899078|417.149750
-449.627686|437.494049
-116.082886|468.364014
-399.585632|450.590332
418.140381|101.120865
-125.737762|25.663605
149.602066|348.776611
443.488831|-43.513401
-400.444061|-440.676453
110.413979|202.913956
96.945404|-234.354462
-229.991028|249.665527
476.323517|-204.468445
22.382339|28.460081
-494.498962|94.606689
-498.002014|-217.426636
354.503540|424.945953
-129.674911|437.179474
292.032471|166.557495
74.474525|-50.956848
78.094063|-226.470612
111.849289|-473.868073
-147.925003|331.025482
471.697876|206.757355
49.765118|-25.863577
286.834747|-49.958668
121.125542|-344.560577
-235.247238|476.582123
-329.859955|-80.917900
-90.191925|94.741928
174.739120|326.962250
-433.779907|-394.704132
-374.356964|-399.956268
246.345627|379.215118
-293.423218|-446.198059
271.593933|-25.884653
294.326569|-389.093231
75.465385|-74.803627
-20.404789|93.794518
-155.064453|299.435516
-279.483337|-149.752151
222.029770|-481.246979
449.907898|-199.373047
-81.612114|16.786936
319.127960|228.138138
199.257965|51.252541
-249.132935|-300.720795
-94.573708|-331.355591
-258.222076|198.465302
-279.537262|-468.327240
-140.943024|169.319931
-6.907641|-471.963287
10.608480|-4.223312
-273.098816|-188.569382
208.567505|142.155121
-276.273315|498.991547
-299.460846|43.987995
-248.801468|384.256104
-77.293907|-308.624664
241.519943|63.486626
-256.714813|138.980515
-25.999977|393.014526
497.623840|-149.418350
30.173897|-440.522003
-415.382141|-252.979431
-261.405060|299.625946
-199.325989|16.479265
-434.116730|-432.665100
-179.019455|-47.912529
403.986847|-12.161917
463.997986|400.460358
59.113422|-229.882339
498.165771|-495.170624
61.967220|29.849758
456.874634|380.444061
-412.975372|9.450067
481.286102|-169.671295
-327.696350|-76.825256
373.207642|347.002991
-483.130188|-18.257692
-400.377838|-169.002441
-100.899811|485.650177
-38.130810|-219.745819
-484.306610|103.578568
252.365585|-9.951551
51.094040|-199.322678
-477.672852|-452.368195
90.663605|-498.483978
12.723864|301.697784
182.215027|304.194794
11.683214|415.763306
490.441345|301.602264
339.962311|49.982925
-346.122742|325.514282
251.290131|-172.942673
138.428864|11.295304
337.649414|9.786098
274.615814|350.221313
-46.154366|77.171715
-361.121796|-286.873047
-412.670288|359.851349
-446.366333|116.362236
399.330475|-403.779053
396.977936|-249.788162
-266.071777|-257.224396
-249.928436|-455.840210
-52.742599|7.123780
31.780415|-492.435852
267.219666|67.512917
-432.531006|463.225616
-275.760803|321.909546
286.155731|-265.095917
-435.325256|12.105787
298.240143|-143.790833
-172.663376|-26.493292
450.801971|297.347015
145.365112|134.697189
-200.120911|462.982544
-256.078064|347.983704
-398.654327|-412.301697
-100.337982|10.358745
464.605713|20.144510
-61.026463|-104.440285
33.333080|-342.174835
-370.462555|83.351906
270.148682|-449.522369
-299.981476|-485.970917
368.234375|-151.713791
-200.667862|187.661758
2.859443|-12.443280
-359.682709|310.745605
-163.097534|92.920212
118.752037|352.367767
276.968292|-399.982544
396.525360|272.530090
-288.486908|300.514618
160.361343|148.563614
-151.293777|-77.805161
-127.731400|149.537567
-281.430023|-394.272430
-253.420837|263.141449
345.991272|140.327789
-94.434570|350.179565
-62.634090|474.654663
441.168793|96.397285
64.030151|-91.814850
250.011261|415.942871
13.204585|-435.020386
312.122742|336.404205
487.774445|-237.472443
-299.718384|-204.244705
-122.321884|182.175308
-476.634216|205.595184
370.553162|-292.208527
-497.263733|249.548401
234.645859|-420.367706
-29.667664|348.144043
200.182236|92.397400
249.942047|-287.932159
198.769287|395.330017
-62.636738|153.863815
-151.026520|137.019028
-200.148453|-102.707703
250.140198|356.524719
-285.443115|22.750872
-470.251190|144.912903
-256.922668|-218.448395
110.716217|-349.451904
-103.070229|339.225067
-197.612885|-12.474285
162.296326|18.749430
-323.168121|486.125183
159.546982|-163.529968
-295.090729|176.688019
299.859314|99.993355
-151.380707|-119.784851
406.130524|-186.850449
5.482310|437.088196
206.497177|331.240875
346.186554|391.986938
-451.609192|37.829205
-198.027084|42.734215
-439.916901|-19.044828
-30.996271|-194.475922
-185.706039|-323.513763
149.893280|432.193085
-50.429169|206.392212
-300.809479|-417.068878
408.864075|238.658798
-406.162170|419.488220
-85.551575|59.765335
7.971967|84.199059
85.959351|-326.101624
-233.614105|450.123230
-70.140396|-148.789444
-412.419678|-214.880783
306.979462|-367.647858
-400.164948|48.438511
45.638157|330.838013
99.179840|-110.904068
-86.414413|-105.215744
-287.498810|11.071151
-233.186829|149.221786
49.811245|452.112885
-245.223770|-172.226196
479.625854|291.367218
-4.770778|427.945282
179.879532|34.885899
-240.583328|200.944550
196.941376|123.921989
-68.960457|-382.201813
-122.340096|401.420044
-297.455933|-35.374714
149.823792|198.827667
388.580383|-101.451347
-67.301102|-177.490906
-377.737274|49.233704
-380.001190|-425.334961
141.916122|-220.945633
211.197983|30.247892
222.631042|-95.831665
-222.484131|143.855560
-283.931641|250.720810
-156.309540|-497.667725
-199.574203|445.979584
290.313202|147.807343
421.242859|-199.010025
119.957062|-143.882324
-251.595688|-102.620361
-355.392548|-465.866364
-47.491245|50.754044
131.862106|377.487030
-171.005264|19.859650
-113.090508|-371.451569
350.243561|38.258991
324.092621|-86.303009
329.728729|-186.302414
349.700928|-126.234344
-105.108276|-70.003502
-49.092075|439.113373
-184.456070|34.857685
492.920044|135.890533
211.207840|379.168976
338.062866|-19.825897
-335.847046|76.491058
-327.095703|-91.602974
-248.683350|33.309849
-102.795647|442.605774
-24.232407|234.670410
95.458595|197.153473
-357.150452|68.627892
-375.164307|-449.260437
199.898544|-447.479675
188.383530|339.639435
-251.404251|231.986526
227.327011|-433.742615
-478.528290|-499.000000
-394.814514|-476.851013
349.133209|-450.286499
341.546478|-19.487272
-250.505386|-192.084961
-103.006241|395.598480
184.931747|14.136215
-240.897018|53.825905
199.497757|-120.176147
-256.244476|201.022537
-417.670258|-165.655624
-117.821289|-269.293976
-80.768463|-280.002106
-436.987457|-244.584412
-348.406677|-194.649628
-105.112213|197.590683
134.344803|57.557079
75.829651|-219.072220
39.286385|-122.692726
-109.816879|-130.399933
-164.245560|459.158966
235.072235|-197.112442
-401.170288|-391.444824
109.827065|395.385803
153.994003|-461.419769
-484.547913|-399.718323
-133.039520|-359.201294
-187.251907|-385.723999
-157.277679|-48.191471
-363.887848|-127.457993
425.557068|-160.784424
218.847305|-450.446259
-420.065033|-230.200424
475.942657|107.528870
-31.771025|-50.351688
-455.814056|498.369263
