-349.830780|-76.933296
-24.069868|-150.146912
-200.422333|282.720154
223.245422|-124.570015
-94.140366|-149.558563
34.523895|138.512772
150.633575|-318.774475
-247.290833|-245.450424
-358.613220|413.682312
-447.832611|432.212494
-116.199043|476.176819
-393.194885|447.997101
412.471771|112.314072
-124.197319|27.669266
149.161026|355.897980
443.390717|-43.210464
-398.137177|-444.723511
110.990570|197.456161
101.558853|-226.750076
-233.336929|250.772018
476.657867|-204.432571
35.195324|32.543854
498.944611|98.536850
494.484650|-216.742828
365.303650|416.845734
-118.835106|444.143616
292.103607|157.659546
76.887863|-53.058010
81.345367|-228.069138
111.463554|-468.873901
-151.874863|330.603027
466.613953|215.188858
48.626625|-32.943119
290.579681|-49.874073
118.890701|-332.317322
-232.994492|479.756836
-331.910370|-77.706940
-95.024849|87.775383
166.743958|326.663452
-435.605438|-399.954956
-377.488007|-399.759583
255.911743|374.312958
-289.417908|-450.344086
283.161499|-24.218822
299.939545|-400.264618
78.923393|-72.561707
-11.649101|85.586891
-154.839767|301.300629
-278.730896|-150.147308
233.604950|-488.146149
449.907898|-199.373047
-81.068512|12.822791
306.031158|224.863937
198.768036|48.789398
-249.166107|-300.195343
-86.538078|-321.128571
-250.028442|194.329620
-285.476685|-466.137207
-146.466354|176.553589
-5.088614|-459.642853
20.256945|-13.645370
-270.294189|-175.365158
209.021545|141.491791
-275.201996|495.895050
-305.346558|49.069866
-249.657455|378.208801
-72.070229|-302.534210
247.607422|75.492233
-259.974213|136.671814
-25.878922|393.925629
496.892395|-154.557907
27.936911|-427.845734
-408.660034|-241.523987
-260.811615|300.077454
-200.556091|15.629795
-435.525696|-431.867828
-182.402725|-50.234123
416.695404|-16.678909
467.800934|401.134888
59.445835|-231.336121
486.091248|-489.133087
73.003304|37.104519
455.625671|380.142273
-400.481110|4.532324
480.637360|-166.416901
-328.144653|-73.641052
371.330109|343.961395
-488.530334|-18.526583
-398.027100|-157.142548
-102.146683|497.723724
-37.713913|-206.474060
-481.162231|113.896042
246.581497|-8.309857
51.185005|-207.146927
-484.846161|-451.610016
80.837341|-490.726868
20.212290|312.930389
170.562485|304.325867
9.044314|418.041534
493.865845|292.351959
337.757446|49.067009
-338.842438|334.850342
252.364578|-173.554657
138.342972|11.181289
340.471130|8.153971
275.649872|350.077240
-53.342537|77.210022
-365.653076|-274.638733
-418.696350|365.570465
-445.005554|106.930939
407.681549|-393.333618
410.251160|-248.712677
-258.119598|-248.551163
-250.021103|-464.622131
-57.983265|10.908438
32.285847|-479.242035
273.872559|78.759071
-439.226440|474.944153
-271.904938|320.823151
281.088715|-252.792969
-422.228485|15.380445
301.099762|-146.907745
-183.904892|-29.599110
451.560486|295.870728
136.271683|142.886505
-200.115097|465.016693
-247.173264|351.864410
-404.812866|-409.386627
-100.337982|10.358745
469.510925|23.732817
-57.301292|-102.951614
36.861675|-354.594757
-359.477509|85.215668
271.504028|-446.220001
-300.198608|-483.652100
370.038391|-148.907166
-203.175110|181.286880
8.478785|-2.892896
-367.081818|321.853912
-160.754196|95.447968
124.511070|351.176575
278.051605|-399.795959
402.186310|283.378693
-289.711426|299.605194
160.028000|147.768021
-149.669815|-77.264374
-136.060547|150.735291
-271.884003|-384.726410
-247.815598|273.489471
343.342865|143.253311
-91.595581|363.375763
-72.790741|466.263824
448.607239|95.138268
64.026611|-91.621132
249.936417|414.449463
12.157866|-435.217773
322.217346|345.223541
-498.954224|-239.155777
-299.866547|-204.421555
-113.957993|191.096466
-476.253510|204.903122
382.228607|-298.681213
493.295288|250.494568
236.530411|-416.586029
-43.167664|348.144043
199.767731|92.400955
250.307983|-300.762482
201.167084|400.947845
-52.523247|162.804398
-150.567825|141.953247
-199.522339|-100.564178
249.854385|357.219208
-278.844025|31.340956
-459.200317|152.519485
-255.225830|-217.659134
118.785088|-341.066986
-94.486359|349.172180
-200.341095|-10.630491
162.112732|19.948526
-323.692993|487.096588
157.994034|-150.296875
-283.034180|171.750839
300.885742|98.280281
-148.925034|-120.567070
401.200012|-197.066910
5.543078|437.078827
208.240570|330.990845
334.813049|399.251221
-448.594391|38.378643
-206.900330|47.193604
-427.382599|-14.031054
-33.926598|-191.330826
-177.205627|-313.600739
150.625687|434.492706
-62.694767|204.635910
-300.500061|-417.080200
400.667694|244.056503
-406.654755|409.371399
-85.646126|59.520977
9.352204|84.444977
79.438232|-314.462433
-231.626099|449.754059
-70.421349|-152.009140
-411.705322|-202.512054
314.884552|-357.211212
-400.219116|49.839806
51.047939|341.702850
99.578362|-109.561356
-82.743767|-106.660217
-286.889374|13.068364
-239.647614|161.006775
50.304756|448.391144
-236.638672|-169.258850
482.826141|293.475983
-5.068838|427.865601
179.040009|34.079708
-239.440720|198.440262
200.169876|123.232819
-62.510155|-370.605469
-110.149185|396.891754
-297.937653|-36.106773
149.050461|200.376328
385.139191|-99.778206
-61.959160|-173.615524
-378.186310|48.901688
-378.888245|-427.124420
141.814941|-220.322540
212.357376|29.387926
226.066910|-85.649010
-230.719406|153.009430
-295.871216|256.950958
-157.417130|492.590057
-198.458282|435.988068
300.191040|138.917206
419.113342|-197.847687
120.417053|-140.139374
-250.902496|-89.251541
-353.269348|-463.789276
-48.512337|54.398853
134.058853|376.653595
-172.746323|20.490913
-107.259361|-364.791077
344.388824|33.164463
314.514343|-90.792854
342.263214|-191.315811
350.363342|-128.902588
-92.775276|-68.040817
-51.317966|441.860657
-186.584778|40.787762
485.861115|141.514435
210.985367|379.723816
348.570953|-15.797442
-342.429688|70.692795
-316.911652|-88.650375
-242.170593|27.771217
-108.741692|448.348328
-21.325308|238.597305
102.942749|202.890808
-352.804413|62.973427
-381.078156|-448.729980
200.284515|-451.789154
187.533401|339.630127
-263.479065|225.949280
227.840408|-432.237457
-468.477478|491.077911
-398.274719|-475.595245
349.753021|-449.737640
343.012207|-15.555891
-249.963165|-188.884918
-91.879509|388.446533
185.217606|13.255270
-247.895218|65.109421
200.163834|-108.028694
-256.754456|194.888306
-410.546967|-155.028992
-129.896088|-263.256439
-81.157928|-280.697601
-436.562347|-242.884872
-349.784485|-194.298340
-100.411507|210.059326
130.264648|49.540306
70.455688|-214.236816
51.113800|-124.830048
-103.253220|-126.320778
-160.394058|471.770294
222.838287|-193.022980
-402.817474|-388.865479
111.638573|387.425720
151.316925|-464.415070
-485.374725|-399.734375
-122.936203|-350.944336
-174.874908|-390.860870
-158.046631|-49.887558
-364.526123|-127.812408
428.332825|-160.724167
221.421921|-449.156158
-418.791473|-217.817612
488.315033|110.372826
-32.033901|-50.553715
-452.448761|-487.837769
