-444.115814|-42.505024
-26.616980|-149.487701
-212.690735|310.555878
310.379639|-74.102783
-203.726166|-123.990311
-44.550026|219.662537
180.484390|-205.742081
-192.409821|-180.066605
-255.311203|374.695587
-451.660797|362.888519
-179.569336|-470.375458
-462.599701|452.197144
391.206146|210.264420
-113.943695|40.408634
245.535248|354.151001
456.635773|-52.034779
-393.923737|-427.875977
152.643280|160.356201
163.737610|-129.932663
-241.331863|318.578491
484.667206|-199.256485
140.903412|60.540405
449.065369|206.280762
498.567566|-169.713837
435.969574|422.278412
-87.391693|432.985016
383.676117|101.207047
113.572548|28.562771
93.864983|-165.223877
101.908813|-470.649384
-212.353592|250.925644
400.547791|280.404755
142.582260|-13.449701
314.799713|6.765121
89.492485|-251.899292
-263.140381|-495.367981
-322.137329|-20.910845
-172.498199|10.705385
94.958153|303.903290
-483.053619|-357.014923
-458.348633|-332.886597
300.166992|378.204071
-236.561691|-444.898438
368.485748|-59.590759
365.237671|-494.345337
54.270599|-35.851460
88.243164|25.535576
-116.187508|284.504761
-318.341309|-200.737503
326.842773|443.387909
468.103943|-186.483673
-62.761765|40.935314
221.896179|239.569443
194.136459|46.663624
-293.587067|-304.317657
-14.745433|-237.077240
-198.633209|165.714218
-309.129364|-453.372009
-187.708237|247.095581
-32.627834|-364.032684
39.410599|-35.126816
-219.547729|-76.084984
243.069260|141.409393
-315.250000|-490.083801
-300.575439|112.923805
-165.395691|388.226196
-17.510599|-200.585266
256.667816|164.286484
-274.497864|127.989372
29.337481|410.104523
-497.000000|-87.500000
2.568977|-353.450897
-327.465881|-152.999878
-263.716217|315.602753
-211.141129|49.928566
-467.211304|-388.788696
-135.117065|-29.581549
-493.596710|-38.545914
-454.918884|421.305115
67.783730|-255.582428
397.066162|-416.675964
133.690308|115.709518
403.076996|448.873383
-312.983398|17.466129
-481.710083|-178.894379
-348.791351|6.816295
428.483154|351.064423
465.327423|68.846176
-450.203583|-69.718918
-37.991024|-401.004700
-43.502888|-90.474335
-404.656036|200.192184
322.423126|-9.892044
28.963583|-158.587189
413.194061|-473.576447
88.060852|-450.086029
64.200661|423.012512
92.462051|236.237213
43.557426|450.764648
-442.923615|340.276245
264.562500|11.000000
-281.958557|358.551422
338.606415|-112.859421
140.192184|15.105235
446.940155|35.879322
337.276184|350.108246
-71.576500|160.805908
-451.620850|-204.426407
-480.218781|417.397522
-453.667053|-3.023912
487.484039|-348.706451
-472.851837|-237.302368
-237.082947|-299.638397
-216.911484|-492.225555
-45.078266|30.796816
89.637009|-416.614746
307.993622|112.004951
-463.255737|-427.606201
-222.924438|347.198486
211.765381|-153.674011
-332.613373|49.297718
303.565399|-255.484970
-188.180634|-61.803978
466.504761|346.812500
65.170654|176.118073
-211.564270|454.494873
-199.930908|371.207184
-349.587463|-421.259552
-90.950798|20.007036
-482.971985|53.978416
-77.515701|-49.396328
98.582390|-427.689514
-341.474640|176.774246
249.757248|-425.867371
-317.312378|-468.918121
415.867371|-139.242752
-187.229309|209.167999
34.759224|8.615383
-420.328827|401.518188
-86.504890|108.125938
126.000000|318.549347
239.398346|-377.598877
426.840057|322.670319
-285.553589|339.748718
174.194473|149.678345
-82.708252|-63.780403
-190.399048|146.871078
-189.569244|-295.477692
-197.150940|347.140900
389.300293|168.172470
-28.686735|446.499268
-99.895653|441.786255
-495.522583|100.639893
13.547856|-100.727341
238.898117|430.785248
12.049232|474.755310
434.034302|374.858246
-396.909454|-273.872284
-301.128632|-201.090408
-31.269648|262.483459
-399.737061|186.386215
463.863434|-360.598785
453.217896|280.405579
269.439240|-316.158478
-165.365952|351.748230
168.070847|121.888252
196.102768|-403.379639
185.133728|374.312805
3.090742|226.176697
-171.816223|186.895050
-194.107407|-102.345688
251.174606|268.827393
-187.315247|94.014633
-376.304199|143.510925
-216.954346|-200.356491
189.457901|-257.771362
-57.977379|453.555328
-212.238892|-18.636925
159.674469|14.404991
-350.641418|-486.355682
143.564499|-55.448215
-217.157059|115.284607
370.064636|52.770191
-149.636398|-113.393509
330.265625|-282.722870
8.447036|450.188477
184.874924|295.848846
227.290985|449.616577
-429.697662|31.851847
-256.306732|53.397552
-328.380707|13.967138
-135.283905|-164.447433
-164.819412|-234.147598
74.417259|444.373932
-150.343018|126.912445
-237.307892|-421.645081
387.244537|310.145630
-341.329651|325.181976
-85.563095|59.668846
97.425430|102.929558
21.012947|-215.032547
-309.741089|470.344879
-6.478433|-80.407524
-330.186462|-122.000000
388.689362|-258.812592
-376.847992|49.303970
101.075584|437.161224
162.286850|-56.253952
-77.402313|-97.404091
-284.281616|-11.388686
-317.899170|189.603470
49.188320|456.624390
-181.299469|-133.694351
-498.707520|282.740784
-14.040662|423.373077
160.209030|41.134342
-294.594360|269.674957
200.363571|115.908669
6.655700|-324.029846
-8.873175|354.961456
-301.728180|-40.778408
203.174438|276.170074
398.041565|-57.855263
-129.102905|-132.912842
-323.118439|82.520706
-314.293152|-429.817566
150.462708|-240.436325
232.990021|97.731873
227.810074|-11.799150
-242.411545|241.161636
-418.317139|258.979126
-137.266022|-438.102051
-165.096451|-469.544067
270.297211|224.743912
490.226563|-155.904938
124.770645|-246.434464
-238.267487|-1.481282
-324.929321|-405.024658
-31.285805|114.367409
178.015793|416.768097
-161.821060|1.964370
-13.659221|-324.835785
350.730621|3.573860
296.656952|-91.237427
452.582855|-220.636459
330.191986|-213.223740
-76.319771|-19.026594
-105.085892|-499.729340
-137.220154|90.143524
-487.833252|244.458969
216.046722|415.236694
362.030334|-94.664665
-355.672913|165.185516
-262.063507|3.229066
-243.709198|29.600626
-187.946518|426.897888
63.662815|253.798370
165.380844|181.582840
-395.575684|99.813751
-348.746796|-442.042084
160.760361|-498.469574
141.138794|401.911011
-364.395752|208.386246
156.038376|-445.056824
-356.006042|454.670105
-431.541870|-446.759888
371.736786|-374.481812
456.429504|-11.131890
-276.221100|-231.221725
4.835233|388.033325
195.542435|-9.022441
-277.131165|146.223923
177.104965|-14.308002
-249.274155|280.085052
-416.301331|-53.613098
-205.914490|-234.225037
-165.143494|-357.779968
-436.661957|-239.573166
-339.170868|-257.612427
-53.441250|288.416962
198.299042|65.056099
54.926533|-155.416290
124.539520|-34.566811
-34.203991|-119.567581
-125.459930|-464.668182
148.525955|-198.834305
-343.617432|-330.724152
45.777702|296.969757
133.633331|-492.337891
446.498016|-406.301636
-32.663219|-300.772827
-97.378448|-413.435974
-119.163902|-52.034611
-415.682526|-83.041595
394.059021|-157.108322
251.806595|-473.825745
-453.723816|-120.620026
-416.446381|77.315514
-8.810026|-17.887985
-421.123108|-423.249664
