-349.978546|-89.565369
-24.069868|-150.146912
-197.818466|289.408875
214.593765|-141.401077
-94.419205|-151.256989
50.123856|126.812851
149.819382|-338.015900
-254.620880|-262.510956
-372.601898|418.161072
-449.762604|435.520050
-115.522789|462.947784
-399.339020|450.306824
419.066620|95.955307
-126.662338|24.343130
150.608963|344.655914
443.481171|-43.611683
-399.353882|-437.956757
115.755081|205.646744
98.515701|-233.728745
-230.634933|249.689499
476.116455|-204.375366
17.252638|25.349417
-496.404175|91.668793
497.860657|-216.878693
349.703491|428.546051
-134.637009|434.881165
292.176025|170.455765
74.420570|-49.898685
80.470383|-223.225800
111.933296|-476.669495
-146.586777|332.748291
473.369385|203.694351
48.001362|-21.820051
285.534546|-50.159088
120.448189|-350.493103
-235.686447|475.864410
-331.619568|-77.683372
-92.011482|96.292686
177.468414|328.032104
-434.898254|-394.077881
-373.345673|-399.901031
244.502533|376.360382
-299.149017|-444.407104
269.108887|-26.562243
291.244690|-385.405151
73.523705|-77.575844
-25.190599|97.413338
-154.345566|302.466461
-278.038544|-149.995346
216.853638|-478.231720
449.907898|-199.373047
-80.426315|20.245544
324.948761|229.593338
197.663879|47.819290
-250.173462|-299.265900
-96.136597|-337.148041
-262.292297|195.510971
-276.819244|-466.028778
-138.641113|164.811447
-7.385155|-477.605286
6.590287|0.226887
-274.277130|-194.452545
208.627823|142.588409
-276.407166|499.200134
-301.267609|44.589195
-249.711563|384.851379
-82.616707|-311.210419
238.443558|58.335342
-253.856293|137.025818
-26.068489|392.965790
499.518127|-151.868881
29.310656|-446.457001
-419.859375|-256.962921
-261.795227|299.833984
-199.886261|16.889549
-434.201233|-432.626984
-178.516739|-51.274605
398.570251|-9.651860
463.794922|400.856689
58.850765|-229.395264
-497.696594|-497.636444
57.203255|29.289921
456.638641|380.257690
-418.952240|9.941541
481.679565|-165.540390
-327.552795|-72.999207
371.570953|344.332245
-480.846405|-15.347397
-405.770508|-171.144775
-100.676231|479.665039
-38.445210|-225.736481
-486.745361|98.275764
251.347046|-6.522480
52.303772|-203.244873
-480.206329|-452.339996
96.631973|-499.006592
9.395662|296.705597
183.405304|302.593903
10.396976|416.471863
488.385681|297.820313
341.899658|48.507702
-345.554169|323.833893
249.447021|-171.485657
138.525223|11.260674
337.925476|9.403561
274.396210|350.012756
-42.421669|81.256966
-359.024750|-292.487854
-408.461914|355.574738
-447.764709|118.294159
400.744202|-405.868835
394.461395|-250.175171
-271.207550|-259.694946
-250.283127|-450.441193
-51.375767|5.029061
30.178070|-498.181763
261.689697|65.309479
-429.447205|458.078796
-277.222137|323.145996
289.592987|-270.009949
-441.146057|10.650572
299.013885|-149.616180
-172.441757|-28.999832
450.085785|296.527496
147.647263|129.465775
-200.171799|462.495850
-261.521545|350.335266
-400.829010|-414.752136
-100.337982|10.358745
459.250793|17.618755
-58.522465|-101.101295
35.004768|-338.358398
-375.884857|84.607765
269.448212|-449.923920
-300.005005|-487.011230
369.598633|-148.598373
-198.602783|182.661148
0.329809|-14.801548
-355.536072|306.409821
-164.503479|91.582146
115.308762|352.366364
276.213928|-399.861359
395.569427|266.608582
-288.208282|299.761902
161.879517|150.630249
-149.368027|-77.322403
-124.023506|150.337357
-285.672699|-398.515106
-255.193634|257.459991
345.912598|140.124146
-97.815086|345.406952
-59.002666|479.430908
441.661011|98.673981
64.186592|-91.759521
249.648300|416.820648
13.883247|-434.731262
307.221771|332.969360
481.871399|-238.180267
-299.598663|-204.296280
-125.162811|180.009995
-476.184265|205.069550
366.443970|-287.851563
-499.741821|245.715897
234.088379|-418.154205
-23.667664|348.144043
200.297226|92.309715
250.070679|-281.944427
200.736481|398.301819
-67.164650|149.936630
-148.878555|139.214050
-200.474945|-98.231018
249.285797|355.466370
-285.416382|18.625875
-475.720734|142.446884
-256.632019|-220.272568
105.090462|-351.492096
-103.459000|333.245453
-201.419128|-12.631883
162.768021|16.157299
-324.297272|487.962830
162.178360|-163.396744
-300.538635|178.731491
298.801514|99.260536
-147.803436|-118.013161
406.634796|-181.657700
5.541064|437.054565
206.054474|331.530762
351.046326|388.624725
-450.348358|39.469017
-199.935867|38.701572
-445.478821|-21.064009
-32.054924|-195.535828
-189.527145|-327.905792
150.025253|431.285248
-46.986317|205.534088
-302.081543|-416.614563
412.536804|233.914459
-408.403595|423.457947
-85.412178|59.634693
7.466584|84.254868
90.126526|-330.418091
-234.253876|450.008240
-71.962502|-149.995316
-416.729218|-219.050629
305.867310|-367.537018
-399.964233|48.923420
42.949039|325.611755
98.906075|-111.388947
-87.592178|-104.987022
-287.576996|10.226494
-232.616699|143.292862
50.264336|454.152039
-248.710007|-171.551331
477.772369|286.369995
-5.027855|427.934296
178.861664|34.787186
-240.288452|197.871704
201.464401|122.896004
-73.179703|-386.467651
-128.044876|403.126251
-297.460663|-35.356392
148.954865|200.273315
389.680206|-100.793633
-66.157188|-178.188690
-377.177338|50.244984
-380.615265|-426.333252
141.849854|-221.150558
211.725220|29.760267
222.546097|-101.745201
-217.348877|140.753311
-278.428589|248.331665
-159.347000|-499.820862
-199.151627|446.006927
285.488525|151.091583
424.161713|-198.216797
120.725067|-146.450287
-256.386719|-106.056961
-354.889648|-465.884369
-47.533279|56.133354
131.095215|377.620972
-170.518967|19.517962
-115.025230|-373.825684
351.818604|36.616947
327.616394|-84.901802
324.157928|-184.074020
350.154785|-128.643051
-107.315041|-69.545532
-52.652779|436.406525
-180.836075|30.789909
495.629761|139.941910
210.682816|379.721985
340.231873|-22.672194
-334.768585|76.363991
-329.830200|-92.337700
-251.236633|33.509377
-106.573647|444.619080
-25.961811|234.574097
89.811325|195.186005
-358.065399|65.962318
-374.932373|-449.797424
201.908768|-449.827576
187.655426|338.872223
-249.250885|232.250671
226.583374|-437.760712
-481.829865|-496.428223
-393.887634|-477.831146
350.465698|-451.588013
344.099091|-18.684584
-249.738617|-193.699509
-103.196487|401.443207
185.200287|14.390059
-236.247162|50.036339
196.272552|-118.248322
-260.948334|197.806534
-422.286469|-169.158432
-112.454712|-271.977325
-80.326469|-279.160400
-437.242554|-245.685211
-350.041748|-193.962387
-103.899910|191.725052
133.048981|53.741497
78.487030|-223.383606
33.803383|-121.232414
-115.040932|-132.729401
-164.338654|453.159943
240.919205|-197.230728
-401.822174|-391.842926
111.060715|400.995514
151.808929|-462.237640
-484.132111|-399.822662
-137.800491|-362.719696
-192.621704|-383.047211
-157.311127|-47.830349
-362.913177|-126.372818
426.780914|-160.901932
223.086517|-450.228058
-415.725922|-233.817734
470.277130|109.376617
-33.882961|-50.168110
-460.932648|496.576202
