-445.569672|-42.135887
-26.567059|-149.007782
-212.856430|312.046417
311.627838|-73.270927
-205.146042|-123.512955
-45.750023|220.562531
180.482086|-204.263519
-191.348282|-179.006821
-254.063843|373.862488
-452.867432|361.997467
-180.444748|-469.662872
-463.592316|452.192932
390.844513|211.720184
-112.969353|40.572895
246.730667|353.244934
455.799988|-53.280361
-392.467102|-427.517975
151.301636|159.685394
164.212631|-128.509857
-240.245041|319.551605
484.068878|-198.497192
141.964661|61.600475
448.395020|207.622620
-499.988068|-168.753143
437.225220|421.724335
-86.364548|433.521729
384.849762|100.272942
114.329285|29.855839
94.047737|-163.735123
100.992920|-470.843353
-212.946121|249.644730
400.867859|281.856262
144.063324|-13.219105
315.165222|8.073947
90.964233|-251.609512
-264.348541|-494.478973
-320.830963|-20.952927
-172.563599|9.210078
93.800964|302.948914
-483.955017|-356.931030
-459.238770|-331.679260
301.589661|378.679474
-235.080475|-445.131439
369.485748|-60.590752
366.307800|-495.396454
54.271271|-34.351460
89.187904|24.371162
-114.687508|284.505493
-317.412415|-201.912766
327.892120|442.316040
469.289063|-185.564316
-62.955109|41.294899
221.427643|240.650192
193.771103|45.208801
-294.587067|-304.317657
-14.383921|-235.621445
-197.133209|165.714218
-310.628937|-453.383698
-187.953491|247.585449
-31.303064|-364.394836
39.071922|-36.461487
-218.598267|-74.928429
243.365204|141.579239
-316.190857|-488.915558
-301.134460|112.680878
-164.995071|388.698517
-16.770124|-199.393219
256.908295|164.753983
-275.863129|128.604858
30.398233|411.165100
-497.000000|-86.000000
1.268818|-353.347260
-326.403839|-151.940582
-263.763458|316.796356
-212.475647|49.815796
-468.271973|-387.728027
-133.856995|-30.128319
-492.191986|-39.072025
-454.067810|422.533691
68.342789|-256.968109
395.724487|-416.005157
133.272354|117.148155
402.554016|450.225098
-312.759216|17.794388
-480.612946|-178.604218
-348.484253|8.283939
429.807312|350.807098
464.759247|70.234413
-450.518250|-68.972649
-37.042610|-399.842590
-43.498837|-88.974335
-403.739105|201.379120
322.778076|-10.548571
27.697754|-157.783066
411.852448|-474.247284
87.833160|-450.018127
63.660515|424.355103
91.335205|235.249695
43.496029|452.260864
-442.087830|341.521820
263.062500|11.000000
-280.672119|357.790558
339.951996|-112.196541
140.366638|16.595041
448.312805|36.478741
338.751526|349.842926
-72.247322|162.147552
-452.390411|-203.138870
-481.227966|418.507233
-454.335205|-4.366885
488.415039|-347.963440
-471.351837|-237.303192
-237.082870|-301.138397
-215.574539|-492.905670
-43.736629|31.467640
90.581863|-417.779755
309.278992|111.231773
-464.032928|-426.323273
-221.830780|346.518799
210.839142|-152.494141
-331.114532|49.336964
304.574921|-256.594391
-187.962601|-63.287399
466.505493|348.312500
63.670654|176.119034
-211.563934|452.994873
-198.630325|371.952698
-349.213867|-420.040558
-90.168800|20.731699
-481.625854|53.448647
-78.577110|-48.336411
99.249191|-428.168762
-342.792084|177.483475
249.757248|-426.867371
-318.761871|-468.912201
416.867371|-139.242752
-187.225052|210.667999
35.992832|7.762358
-421.380188|402.588043
-85.504890|108.125938
126.000000|317.549347
238.924393|-376.175720
426.887054|324.169556
-284.095703|340.083221
175.487381|149.423889
-81.426300|-63.005894
-191.621948|146.002594
-188.513702|-294.411957
-195.718628|347.586243
390.210754|169.364563
-27.406309|446.861603
-100.123459|440.310028
-495.520447|102.139893
12.645292|-101.925415
237.695648|431.468292
12.045680|473.255310
435.077515|373.784637
-395.738129|-274.809357
-301.419647|-202.559479
-30.206366|263.541504
-398.635895|185.368973
464.776276|-361.788971
451.795532|280.881927
269.806274|-314.704071
-166.646576|352.521454
168.049133|122.598389
195.270920|-404.627838
184.133728|373.312805
4.013310|226.981155
-170.936783|186.770630
-194.154800|-101.767921
250.694305|267.406372
-186.525253|95.234184
-375.304199|142.510925
-215.987427|-200.536942
190.912964|-257.406982
-58.116890|455.048615
-213.662766|-19.108721
159.263290|13.307565
-351.514160|-486.230957
142.970764|-54.070919
-215.945374|114.409523
371.336639|51.975185
-150.419540|-112.258682
329.270447|-281.600525
7.809662|449.203644
183.452026|295.374176
225.820084|449.469910
-429.696838|30.351847
-257.138489|54.645828
-328.706665|15.049130
-136.625549|-165.118240
-165.026794|-232.729935
75.482559|444.251434
-151.421265|125.869675
-235.884888|-421.170685
386.308929|311.318054
-340.258270|324.132172
-85.295059|59.731712
98.767075|103.600380
19.954296|-213.969879
-311.164215|469.870880
-5.184274|-79.649139
-329.186462|-121.000000
389.591339|-257.614105
-376.847992|49.303970
100.077225|438.280701
163.535965|-57.084442
-78.800919|-96.862564
-284.066772|-11.197968
-319.020996|190.597641
49.352795|458.045227
-180.466080|-132.447174
-497.288635|282.254150
-14.751073|423.060333
158.716583|41.223232
-294.964874|271.128479
201.167892|115.593491
7.453948|-322.761353
-7.695179|354.032837
-302.263275|-41.440006
203.946030|277.456390
397.958618|-57.714016
-130.162964|-131.851593
-322.361511|83.815712
-314.382629|-429.860718
150.545044|-240.793274
233.361542|99.185135
226.919815|-10.591909
-242.469055|242.611893
-419.817139|258.977448
-136.716431|-436.706360
-164.746872|-468.085602
269.467346|225.993439
489.340759|-157.108963
123.415611|-247.075027
-238.059677|-1.843074
-324.833191|-404.714111
-30.990047|115.837967
179.471359|417.130493
-161.147003|0.624639
-12.867498|-323.567108
350.780853|3.360862
295.763611|-92.442375
453.982819|-221.175034
329.299713|-214.429504
-76.640549|-18.215435
-106.147049|-498.669189
-136.324631|91.346878
-486.774261|245.521317
214.754669|415.997467
361.056458|-95.804771
-357.013397|165.858658
-262.778015|4.521777
-242.483398|29.210434
-189.147430|425.999115
65.162804|253.794144
165.994797|180.963074
-397.049194|100.066559
-347.507050|-442.299713
159.699921|499.868530
139.941711|402.814880
-363.808990|207.052155
154.696732|-445.727631
-354.606567|454.130188
-431.851807|-446.507324
371.749908|-372.981873
457.929504|-11.131890
-277.084869|-231.679123
6.006443|387.097046
195.339325|-10.117737
-278.370178|147.069351
177.833832|-13.754637
-248.057999|280.962646
-416.817688|-53.986763
-207.188232|-233.433868
-166.346848|-358.675476
-436.639008|-239.851364
-339.647430|-259.034729
-53.441250|289.916962
199.640686|65.726921
54.295853|-154.055908
125.876122|-33.886753
-32.723019|-119.502388
-125.286812|-464.578339
147.840546|-199.539597
-342.143768|-330.444366
44.575806|296.072296
132.136322|-492.406128
444.998016|-406.299713
-31.227791|-300.338745
-96.032623|-414.098358
-117.949257|-51.887402
-416.928345|-82.206161
392.717407|-157.779160
253.056656|-474.654816
-454.402130|-119.282166
-415.185577|78.048607
-7.454904|-17.244905
-420.432068|-422.195160
