-370.073151|-55.389515
-24.069868|-150.146912
-198.663223|290.553680
254.100250|-90.947479
-139.483810|-144.671265
-3.275425|166.863510
158.535446|-275.029297
-226.086212|-211.857635
-316.251678|418.857727
-449.188171|420.149841
-127.187157|494.843964
-412.102142|452.198547
401.011108|158.153046
-123.394485|33.600697
180.380722|357.315430
449.014038|-28.788734
-400.130310|-432.292755
122.400284|183.974945
128.796417|-194.214645
-220.189514|249.879242
479.335510|-201.292206
78.941078|49.607361
482.941895|138.527435
495.850189|-217.759720
398.994629|384.756989
-117.696182|452.417755
318.807251|129.818924
72.608200|-27.103064
78.253761|-204.765533
120.672966|-455.109467
-175.073669|305.931549
454.488892|239.041168
93.631226|-29.472616
293.998962|-49.565147
102.378296|-290.716888
-227.592545|-498.659332
-314.212708|-54.878391
-123.619118|56.688843
142.277649|331.719971
-432.953766|-397.866882
-408.375732|-385.732391
244.329651|372.572357
-280.960876|-440.232025
315.707397|-32.907619
311.658417|-440.797302
74.476952|-84.767136
23.881556|59.182640
-158.663376|301.261749
-280.573273|-147.797150
273.297668|496.970123
449.907898|-199.373047
-78.063622|18.660522
260.066711|216.158249
201.468323|51.436779
-250.170914|-297.626923
-44.671043|-303.141510
-254.632538|167.301697
-298.684326|-450.795746
-156.966553|213.907654
-6.186203|-421.072113
29.006805|-20.854904
-253.852890|-139.881729
208.241928|142.837570
-280.868774|498.653992
-307.829315|76.936989
-214.750198|393.483215
-51.666916|-261.915924
260.063721|117.017212
-236.825516|135.526245
-16.210743|400.543762
497.370911|-154.455917
14.718104|-422.336243
-383.656586|-202.977890
-265.823090|299.525208
-200.416641|41.012192
-436.496277|-434.801697
-186.483688|-50.543278
460.966736|-22.658287
475.641296|408.723358
60.243279|-232.759247
451.965454|-463.661652
97.417648|75.867599
434.146759|392.717560
-354.946899|4.603855
490.726471|-159.657608
-320.720795|-50.340134
373.401978|345.951385
482.710297|13.306976
-417.777679|-124.066269
-74.287056|-464.345551
-50.044868|-163.407700
-456.573120|154.235107
271.470276|-8.304125
50.452492|-200.370407
483.158905|-449.643585
76.629913|-474.619354
34.043346|355.092529
138.174561|285.973114
38.247948|426.543121
-476.318817|292.552490
318.007141|38.670692
-319.610840|338.352722
272.432312|-149.283966
138.776016|11.113468
381.695343|11.436709
271.417694|350.272797
-43.254471|92.410446
-402.787720|-251.165604
-436.704346|384.082123
-441.583069|62.547890
439.817810|-376.070313
456.764252|-251.494919
-251.674088|-242.307419
-250.259537|-464.731293
-54.666759|24.793585
41.490055|-444.128540
263.910614|111.705025
-431.117584|-494.479889
-253.452942|334.041229
259.067261|-212.839600
-391.023651|24.312181
297.661987|-181.481750
-199.012894|-35.335999
452.344238|295.953766
128.070786|161.211243
-199.477127|478.389343
-242.876175|349.764862
-391.595062|-408.214050
-100.337982|10.358745
482.218719|26.993099
-64.548203|-83.682404
51.936268|-399.373596
-329.688293|120.934883
266.953552|-439.361420
-301.318176|-473.962311
364.151520|-143.574661
-202.263672|183.487091
14.998354|1.555982
-389.104340|361.083374
-137.004883|108.125938
129.334976|349.733490
273.555756|-407.969269
417.681580|282.789612
-297.343018|304.496887
161.001328|149.529480
-149.298965|-90.435097
-132.090942|150.351334
-238.473145|-351.315247
-215.860748|289.761200
327.229156|148.243454
-56.894592|385.063354
-89.930580|462.416260
473.914642|93.881935
56.280136|-92.835991
247.795059|410.957611
11.956422|-448.756348
361.743073|366.752472
-459.018616|-261.642609
-299.791412|-208.069168
-88.133492|227.272461
-449.434601|175.119644
421.314514|-298.030548
-498.173370|248.302307
253.254135|-373.105164
-90.417213|348.204926
200.454575|92.650284
224.098129|-340.076141
200.489471|393.727112
-7.178054|175.108231
-164.462250|175.774673
-201.084702|-104.351624
248.257385|332.301697
-247.534882|59.391411
-417.599487|148.889343
-252.357819|-219.795181
134.858612|-303.471405
-77.064514|390.699036
-198.202911|-14.647849
163.352707|14.984224
-325.638367|493.857697
146.994751|-106.413414
-259.596710|161.421982
306.478333|86.980591
-150.029236|-114.940819
379.101440|-230.765381
7.525391|440.070953
224.325623|328.590698
294.211365|420.309052
-457.018066|48.846523
-223.020798|49.969124
-383.512482|3.517021
-77.434654|-193.686493
-150.773071|-281.272491
113.569901|451.465515
-98.873680|180.446533
-305.029205|-422.721863
380.748871|283.476868
-372.921051|376.980804
-85.547394|59.332954
28.855907|87.397903
54.573864|-275.403381
-241.424072|457.144836
-54.452568|-132.577057
-384.778778|-169.639633
343.235321|-319.410828
-401.690002|49.998882
62.738026|379.244324
124.752136|-89.084450
-64.723412|-104.568726
-286.175201|16.946117
-260.536011|190.402496
50.857754|453.156403
-216.663742|-165.382019
486.543427|284.393066
-9.644946|426.219269
182.851013|29.517061
-274.653259|197.110245
201.505203|123.390259
-42.893471|-336.167389
-70.943634|371.288879
-298.493103|-39.843239
164.202301|211.215210
383.984528|-105.470680
-73.486412|-165.552017
-369.545746|50.458706
-375.348785|-433.864624
139.476120|-220.497131
216.744781|35.408325
246.176178|-71.794174
-230.462006|193.111786
-342.567139|258.981262
-150.404007|-465.312988
-182.247208|458.606659
312.312408|161.714325
449.582886|-170.166214
108.765060|-180.703125
-250.902466|-42.001541
-351.909027|-466.076691
-48.548115|51.642799
142.271149|375.138275
-183.270294|21.678471
-80.902664|-339.717499
349.791321|23.944977
286.605804|-96.657234
381.219788|-200.055984
350.069702|-151.193115
-59.834763|-61.427937
-49.566341|449.289246
-173.269348|47.536446
-498.728790|182.315079
222.043472|382.753387
359.602325|-52.872288
-344.009155|107.974358
-289.909943|-62.093136
-247.322449|31.481060
-137.981506|467.001251
-11.752122|251.928726
134.442749|202.890808
-345.627167|78.206017
-379.186127|-453.526093
204.474930|-451.545685
165.353989|355.715118
-307.760223|217.837952
214.227814|-426.094147
-426.348541|482.774780
-397.752319|-462.693207
359.098724|-438.472687
385.119690|-15.758277
-249.767227|-173.601196
-58.374081|404.406616
189.609802|12.731074
-244.888535|88.642548
201.462280|-61.549393
-275.318481|225.169266
-413.108765|-111.631477
-171.471039|-259.526306
-110.142784|-309.097809
-438.895508|-247.309769
-347.931396|-195.147415
-82.935791|247.079453
135.471054|49.722160
72.785713|-179.229492
86.202377|-94.419586
-103.133499|-125.223274
-132.809753|483.819977
181.038437|-183.316879
-404.786469|-354.181641
95.262215|352.782593
148.572968|-461.152802
-490.427704|-401.195557
-101.572456|-327.698547
-149.219284|-385.097961
-160.702881|-53.901672
-360.678955|-121.032700
415.392456|-159.933609
221.857040|-446.949188
-419.836060|-188.367630
-478.567841|95.811279
-44.499641|-56.714046
-440.527863|-450.181976
