-389.003448|-50.711369
-25.457283|-150.712158
-203.036285|287.500610
270.502441|-80.417465
-158.629898|-143.734451
-18.388155|179.135269
163.266464|-257.108887
-230.328400|-197.414780
-300.027069|408.041321
-449.586395|408.668243
-137.129074|-490.689423
-425.102142|452.198547
396.281769|177.070801
-125.550430|34.881111
193.549393|362.745270
449.425232|-28.742590
-400.077728|-432.052826
127.559029|179.085297
135.971619|-176.413284
-230.184784|266.482208
471.518250|-203.605042
95.582222|45.677486
474.221008|155.968811
498.139252|-205.989456
411.187866|395.570648
-119.162262|437.388153
333.817932|120.574860
78.518318|-9.788228
80.739746|-206.533554
122.461899|-457.632507
-184.284805|294.131012
440.952240|243.760773
97.532234|-17.171238
302.875916|-44.348667
101.999840|-274.851044
-227.351379|496.281677
-329.521729|-44.219913
-140.406967|50.644489
130.418823|336.983521
-445.522369|-383.520599
-421.678680|-375.179230
251.548248|380.741760
-279.574554|-447.085297
329.233765|-35.199879
325.447113|-454.585999
72.855408|-69.444756
43.188900|57.894939
-153.121338|298.175323
-289.836090|-160.908524
287.086365|483.181427
449.876190|-199.513199
-77.406647|32.872620
252.106201|225.333282
201.854736|51.873009
-256.087067|-304.317657
-30.970182|-289.342529
-252.183075|166.728973
-294.543091|-448.931305
-163.281723|232.354370
-0.025166|-402.907410
30.588511|-22.296532
-250.027451|-120.760727
208.407547|144.479630
-280.254883|-499.800201
-299.445679|91.340607
-201.128159|384.689667
-44.424835|-243.810822
266.379211|133.720657
-229.895554|123.924355
-2.664139|401.703644
-497.000000|-143.750000
6.776966|-406.659088
-369.867889|-189.189194
-271.901245|298.535858
-199.940094|49.339581
-440.521606|-426.245209
-178.973648|-38.800030
470.583801|-30.375631
492.255676|409.412170
54.630001|-220.775528
438.041351|-452.394989
102.789574|88.883362
421.501434|397.057648
-335.636353|4.431540
-499.225677|-165.913727
-336.929382|-39.499161
379.154144|345.297333
476.497314|31.252394
-424.460480|-107.353203
-62.109821|-449.115112
-44.880535|-146.582626
-445.252228|170.018509
287.531128|-3.055422
50.023998|-203.778427
463.732056|-449.515167
79.905167|-467.173309
40.059444|373.632690
124.728149|272.339233
37.968220|427.466644
-472.972443|292.918671
301.821442|29.970076
-315.985016|335.515808
289.430023|-139.820587
138.335007|11.789914
399.081116|12.319168
290.321228|351.386261
-47.102249|110.239212
-413.572021|-238.215439
-446.869781|397.231476
-438.023041|48.173527
452.374573|-361.157135
476.264221|-251.475586
-240.617126|-245.591980
-250.334930|-466.037811
-50.393715|37.375309
47.504887|-425.610077
270.457458|115.976631
-441.147186|-477.756866
-252.229172|335.555725
246.885620|-197.612762
-372.235596|28.562508
297.661987|-200.981750
-200.138947|-36.016880
464.263336|298.118622
110.021896|166.826233
-201.632904|477.945587
-240.503601|349.162903
-373.355286|-411.857941
-100.337982|10.358745
482.397858|43.401615
-58.708698|-65.791023
61.239723|-416.383453
-316.801331|135.450104
265.890930|-441.292053
-300.295441|-473.578979
377.995575|-140.851242
-201.464188|184.657593
21.707077|2.106058
-399.399719|376.336456
-124.004890|108.125938
128.149689|349.940613
261.611176|-398.783051
417.796967|283.237335
-299.928772|307.923126
162.439087|151.103027
-131.857590|-81.714409
-149.550690|152.337402
-224.730774|-337.480927
-206.412994|306.411255
344.381744|146.033997
-46.879375|395.388519
-90.493835|459.285217
488.135071|89.460983
49.961647|-89.304108
242.163773|409.558807
12.053859|-468.250000
380.660675|371.482269
-442.506134|-271.609467
-299.755280|-205.001526
-72.506813|238.158768
-431.902435|167.111603
432.565460|-313.862640
-497.616669|260.058533
259.539001|-367.979431
-109.206131|350.878418
202.404221|92.593506
213.386108|-356.368988
200.728104|388.549530
7.339358|186.133865
-165.591675|179.481750
-194.453934|-100.111984
261.168457|318.856171
-231.155075|69.725899
-406.524048|151.110138
-242.048813|-207.247559
150.604889|-292.895660
-66.147842|403.853149
-198.629761|-14.420673
162.398102|20.296423
-328.397186|496.406128
158.266174|-102.317261
-243.232407|154.141296
323.542877|81.060242
-149.678650|-118.534698
366.651642|-244.542282
7.188197|441.773956
227.811050|321.781799
277.986603|431.125458
-459.427765|63.492111
-224.791565|49.925209
-365.380920|10.692289
-92.215248|-183.629532
-149.980270|-271.782288
97.279655|444.300354
-110.287704|166.384872
-288.769501|-423.457397
385.215454|291.649323
-368.769440|360.621552
-85.092567|59.620758
46.878128|88.035202
50.267258|-257.284515
-260.061646|459.428101
-45.012638|-115.827301
-369.393707|-158.230835
354.935638|-303.810669
-396.773102|49.758957
72.383064|395.993042
140.593414|-78.626289
-64.941635|-104.568298
-287.135040|10.981759
-276.112091|193.481644
50.477547|447.048187
-218.001007|-159.034439
474.285614|291.907379
-9.362681|426.301666
178.676102|32.273354
-280.942047|215.107056
198.962250|124.069572
-23.614925|-333.984680
-54.792557|379.126221
-299.068817|-40.249176
174.234772|227.936127
389.325409|-93.897552
-86.430542|-159.041672
-354.374359|47.971935
-361.827881|-422.358521
140.027603|-220.468506
229.773651|47.518421
255.242401|-57.872589
-220.343658|196.143539
-362.067139|258.981262
-147.287292|-463.552917
-182.995911|476.862915
301.496002|177.939331
462.588257|-157.175781
108.765457|-200.203125
-250.824905|-22.502104
-350.760925|-453.545258
-42.319798|59.210228
150.317505|387.091827
-167.568741|22.704165
-62.337971|-333.885773
348.873993|18.575670
279.401123|-99.511429
400.344604|-199.775253
349.888245|-167.448410
-56.840740|-61.867184
-63.411552|463.014496
-171.166138|47.872078
498.667206|198.601547
223.030716|385.379181
352.400024|-58.285645
-339.273590|124.871246
-281.254303|-45.592876
-255.148697|36.123287
-142.958664|460.385162
7.412815|253.803833
147.395691|202.835388
-347.040131|93.807114
-382.835815|-449.950958
199.139267|-467.891998
163.276169|374.148590
-320.407104|230.878754
201.106277|-433.827393
-408.243439|475.532898
-410.017883|-460.724976
359.110291|-418.972687
402.797607|-13.943235
-250.095108|-185.263031
-44.920551|409.790649
190.704300|10.181817
-249.713379|106.428482
189.199890|-49.612366
-281.852692|242.020844
-406.950897|-93.786362
-177.882507|-268.758270
-120.138153|-324.036316
-438.741760|-251.783737
-349.524597|-208.426025
-67.140625|247.040802
149.002197|50.650173
75.091728|-174.371948
95.450127|-77.433403
-89.577522|-125.332108
-125.816116|484.639313
166.047974|-181.470291
-398.779877|-341.733643
79.810722|340.892670
157.808090|-471.043793
-497.508514|-405.979767
-85.302589|-319.574615
-145.384583|-385.275848
-162.959244|-51.051453
-368.883148|-114.247375
411.777435|-158.936432
217.744247|-447.930023
-428.556946|-170.926254
-465.124237|81.716705
-49.723831|-44.352806
-436.485718|-434.503601
