-348.840118|-119.638710
-24.069868|-150.146912
-200.699829|288.436310
191.516663|-167.483688
-93.539574|-150.035828
80.723778|103.863007
145.073532|-375.130615
-272.871735|-284.620972
-385.558441|423.580414
-449.668030|435.019989
-102.692848|441.878510
-396.470001|448.051300
427.237518|58.687950
-134.186325|15.465066
139.706207|326.340729
444.137573|-43.916134
-401.734253|-449.937866
141.216461|228.324219
94.707550|-230.292480
-231.691193|249.133270
478.919373|-200.379974
-11.983379|0.750930
-496.021179|97.783112
497.634064|-217.738251
338.882813|456.217682
-150.414749|438.651886
300.176361|178.523315
73.996529|-50.016685
78.281845|-223.495071
102.510628|-479.923828
-149.423798|332.754486
477.597382|194.195099
11.442927|-13.156405
282.582062|-50.080631
138.393127|-381.582855
-236.485413|463.211975
-360.097748|-52.834919
-67.707069|102.813507
188.883209|339.930695
-435.630615|-399.784546
-346.662964|-405.258942
242.844345|374.875214
-300.432190|-461.054504
285.470398|-27.518969
273.775696|-372.435303
72.771286|-78.543465
-24.349918|101.038956
-155.934204|301.013245
-278.807098|-149.503052
185.276672|-485.432434
449.907898|-199.373047
-79.387733|22.842287
359.988434|242.209335
201.456116|49.366917
-252.273392|-299.283539
-83.260406|-363.362518
-268.302765|178.929977
-270.767120|-462.238556
-117.144577|147.471893
-2.259602|485.722717
-7.473226|35.468094
-272.494446|-204.119019
207.799515|141.807938
-275.054382|498.884247
-299.912140|48.935207
-249.849304|393.608429
-110.334465|-335.077118
234.429886|24.241102
-260.262878|135.720764
-26.028831|392.174042
494.495087|-149.680389
15.672798|-461.652710
-445.140045|-285.164764
-264.814453|300.161194
-209.754639|12.304124
-433.938019|-432.042389
-179.672729|-50.799591
367.659698|2.624040
464.037231|401.126648
58.156410|-227.707825
-498.587769|486.067657
52.614914|15.880381
456.488983|380.081421
-455.646332|15.598856
480.571960|-168.769547
-349.422974|-76.829208
373.742462|348.737213
-493.111847|-16.723677
-428.822388|-193.545212
-120.877373|453.825714
-34.015030|-263.024445
-471.125763|99.167061
247.513702|-10.343030
50.116650|-201.993225
-469.756195|-455.006866
129.269455|499.425323
2.767973|267.595551
184.270386|299.447083
8.153498|417.624451
470.247406|295.782318
337.825439|51.362583
-357.948639|302.315765
249.878189|-171.831436
136.903473|11.144112
339.344849|7.975484
274.265472|349.989624
-18.461725|73.938797
-346.342133|-318.583252
-395.320251|322.221588
-450.054138|125.232399
400.519897|-415.720215
381.311615|-249.324936
-289.303802|-245.020920
-253.995270|-422.148926
-59.091480|-16.192467
17.722511|479.087555
251.125992|58.583332
-415.264465|433.343567
-292.140442|325.066956
313.427887|-299.925354
-472.185608|-0.982811
299.396606|-144.736710
-177.734467|-21.039520
452.380371|309.161469
166.814713|111.238449
-199.837570|460.753784
-250.901245|349.938538
-397.914093|-414.996185
-100.337982|10.358745
422.035553|12.128150
-55.251198|-104.323479
49.267162|-308.601685
-383.723083|82.400490
265.145111|-450.455902
-299.922760|-488.932465
368.606293|-149.957703
-198.746887|182.706314
-11.589283|-22.056602
-329.299164|278.628723
-177.848602|74.640404
94.611549|351.325806
271.496613|-399.193665
381.863220|237.724747
-293.844604|299.949219
159.606567|147.239990
-149.871948|-79.772141
-100.531319|136.190979
-301.426575|-398.702087
-265.969849|236.766281
345.947418|140.195343
-119.134293|315.242126
-35.110962|-490.218353
442.366913|99.572044
63.852119|-91.746361
250.041733|420.955933
15.548686|-433.517029
291.033600|320.304993
450.692993|-247.541122
-300.145660|-205.435928
-126.185211|180.689575
-475.905304|202.902512
346.708862|-260.942444
498.336121|246.226303
232.380875|-418.913147
-17.601444|341.822510
200.070511|92.719727
255.393585|-248.520264
200.387970|395.840820
-79.221901|123.452477
-148.874649|130.801224
-200.654602|-99.571579
249.640778|356.946960
-287.348999|11.270978
-480.151520|150.268158
-257.159882|-223.617508
73.346115|-348.515228
-103.007423|297.742828
-200.991211|-12.289635
157.585983|9.088346
-323.438477|486.472076
189.199158|-182.860764
-311.077301|206.039307
299.752502|96.180359
-151.147034|-115.761818
400.462921|-174.094925
5.347261|437.390045
202.420517|332.659119
350.089111|382.795654
-451.570526|38.092808
-199.485611|39.560734
-454.962067|-15.657700
-27.056581|-217.838272
-212.915039|-354.165466
150.056992|430.852051
-48.413002|199.541885
-309.184265|-419.834290
422.296448|197.855881
-405.996094|416.374878
-85.640320|59.561512
7.675350|83.543854
96.239861|-362.207550
-236.134140|450.092651
-70.866653|-149.407257
-416.111572|-247.377640
286.434814|-350.063751
-400.067596|49.868580
15.104723|300.152100
97.376839|-114.163017
-89.363335|-104.710617
-288.429718|6.617796
-220.187866|129.305496
49.961445|451.708496
-239.861801|-163.346634
447.089813|274.899292
-5.052387|428.285828
177.682526|35.420254
-240.057465|198.886765
201.327957|122.424492
-102.636566|-401.181793
-160.192719|417.476074
-297.745941|-36.241074
129.480148|197.902328
387.589325|-106.186104
-65.843689|-178.316254
-377.208405|49.821831
-361.724731|-426.803558
142.504929|-221.112595
211.272659|21.553869
219.766800|-107.715134
-219.432083|132.119324
-271.874512|227.063248
-155.120178|493.548401
-199.791077|445.287720
286.363495|150.224197
420.988373|-200.614517
121.811546|-148.168579
-276.441010|-123.222092
-351.115753|-469.977264
-49.657719|48.803577
125.099068|370.751007
-170.799576|18.902260
-125.975090|-400.169495
333.456268|27.863190
335.969879|-81.925171
293.610779|-168.218018
349.908844|-131.258728
-121.029305|-102.372353
-53.015320|436.368896
-179.517914|21.018497
498.757751|132.981781
211.321350|379.305115
340.004425|-20.099056
-334.642609|70.092941
-331.072083|-93.096840
-245.297180|28.185146
-97.325630|436.890564
-29.724899|233.691544
65.673958|196.116257
-350.671295|51.503822
-371.598541|-449.976929
198.802673|-449.896667
186.395981|338.947327
-250.360535|221.126312
217.775970|-431.058655
496.016541|-479.542328
-396.070831|-479.427246
345.963989|-450.357666
356.809662|-3.764942
-249.218567|-197.156982
-120.490486|403.638397
184.981522|15.873713
-233.235352|46.035858
172.279144|-140.463409
-282.861206|176.676697
-434.940704|-200.374634
-95.183388|-266.686127
-70.916618|-255.902039
-445.879578|-259.826813
-349.716156|-195.702454
-100.388779|170.341827
133.039764|49.692268
77.254646|-221.830139
12.430097|-150.440704
-149.315750|-149.417725
-174.389145|450.371735
276.836578|-200.564438
-403.714447|-388.754395
106.881264|406.089752
149.312592|-460.475342
-483.414642|-400.084625
-145.989761|-367.912781
-223.351913|-396.125214
-153.685806|-43.803135
-371.737976|-134.923523
425.415619|-161.218033
225.165359|-449.892365
-399.309235|-266.177673
442.261047|135.222412
-33.503574|-49.784519
-466.348602|498.457062
