-348.600555|-120.344315
-24.069868|-150.146912
-200.428329|288.204376
191.603714|-168.156311
-93.334213|-150.032349
81.323776|103.413010
144.998444|-375.876862
-273.432587|-285.118927
-385.794281|423.593994
-449.586151|435.053741
-102.025581|441.536072
-396.155182|448.020874
427.419434|57.960342
-134.631516|15.161798
139.664856|326.257599
444.133240|-43.985619
-401.721558|-450.212463
141.887283|228.659622
94.933723|-230.415482
-231.675186|249.545593
479.224731|-200.321579
-12.518452|0.225385
-496.219818|97.274773
496.947021|-217.623749
338.284546|456.669952
-150.043625|438.592255
300.380554|178.961914
73.865036|-50.134079
78.269157|-223.338516
102.820023|-480.207336
-149.331619|332.974731
477.646576|194.118469
10.724687|-12.940464
282.536835|-50.044800
139.016830|-381.999390
-236.329514|462.884247
-360.628052|-52.304562
-66.974220|102.972969
188.912201|339.829254
-436.202209|-400.127960
-346.726654|-406.006226
242.824890|374.621307
-300.349426|-461.799927
285.948547|-27.505396
273.772064|-372.354156
72.753670|-78.460335
-24.166481|101.037628
-156.121429|300.861053
-278.705017|-149.763687
184.782471|-485.517334
449.907898|-199.373047
-79.447540|22.850632
360.477020|242.651733
201.602417|49.530548
-252.206100|-299.629333
-82.567215|-363.648865
-268.588165|178.517853
-270.782898|-462.232697
-116.410233|147.319443
-2.188568|485.049011
-7.639346|36.199467
-272.254639|-203.930161
208.142166|141.632904
-275.282349|498.945496
-300.045502|48.995552
-249.757462|393.945801
-111.084450|-335.082153
234.583847|24.053982
-260.210419|135.743698
-26.039782|392.229614
494.514679|-150.430130
15.760119|-461.332123
-445.670013|-285.695435
-265.005554|300.142426
-210.164658|12.381695
-433.971893|-432.192566
-179.747452|-50.968609
367.448456|3.343088
463.921600|401.012177
58.133480|-227.674194
-498.311371|485.621399
52.642925|15.815726
456.559265|380.226196
-456.347076|15.866172
480.780243|-168.420609
-349.764587|-77.041206
373.631165|348.907104
-493.536652|-16.728281
-428.727142|-194.289139
-121.320465|453.220581
-33.561790|-263.622009
-470.723572|99.190834
247.886780|-10.527984
50.165882|-201.638870
-470.135406|-455.653931
129.476532|499.757019
2.474921|266.905182
183.850998|299.250427
8.048985|417.909424
470.228088|295.542847
337.832550|51.696373
-357.948669|301.565765
249.502197|-171.795639
136.735428|11.081733
339.313202|8.022325
274.295929|350.163788
-18.036150|73.321236
-346.376343|-319.078033
-395.050598|321.521729
-450.075531|125.233292
401.044098|-415.935822
381.268188|-249.535843
-289.734344|-244.677155
-253.878479|-421.501953
-59.324871|-16.441187
18.034309|478.903198
251.547226|58.363327
-415.595917|433.131042
-292.868927|324.888580
313.896423|-300.511017
-472.920715|-0.834165
299.585724|-145.119263
-177.808228|-21.051929
452.344238|308.412354
167.482971|110.897964
-200.045929|460.696625
-251.209045|350.622467
-398.096893|-415.131104
-100.337982|10.358745
421.299957|11.981799
-55.089607|-104.760017
49.086845|-307.873688
-383.806702|82.379639
265.058197|-450.432983
-299.901489|-489.059875
368.363434|-150.077988
-199.054047|182.871460
-11.666780|-22.212435
-328.768921|278.098297
-178.275528|74.056900
94.496391|351.632599
271.260834|-399.406647
381.136841|237.911499
-294.081757|299.839355
159.672729|147.061401
-149.854843|-79.821678
-100.329010|135.556320
-301.337036|-398.356140
-266.680695|236.715652
345.955597|140.361526
-119.283989|314.507233
-34.534496|-489.738586
442.553772|99.381073
63.754517|-91.745247
249.943268|420.911652
15.646521|-433.601654
290.769928|320.026733
450.009338|-247.232712
-299.990479|-205.187531
-126.129395|180.818695
-475.874451|202.891922
346.321625|-260.300140
497.670990|246.161896
232.845886|-418.737762
-17.265656|341.672150
200.113907|92.699440
255.725876|-248.664612
199.812897|395.359375
-79.270935|123.177727
-148.748962|130.816071
-200.787704|-99.323784
249.598892|356.962738
-287.387024|11.231657
-479.977386|150.470825
-257.167419|-223.721725
72.609169|-348.375916
-102.599838|297.863983
-200.610733|-12.304163
157.689102|9.132012
-323.539337|486.838806
189.585617|-183.503525
-311.141388|206.438614
299.779816|96.322090
-150.925247|-115.306755
400.436737|-173.638885
5.418994|437.412018
202.488556|332.631653
349.626434|382.329376
-451.535889|38.261978
-199.742630|39.113880
-454.305695|-15.873247
-27.725016|-218.178406
-213.216705|-354.479645
150.063309|430.924957
-48.712917|199.590073
-309.077881|-419.657959
422.608795|197.174011
-405.603973|416.546021
-85.703682|59.517303
7.684729|83.463562
96.020851|-362.924866
-236.261459|450.071320
-70.593765|-149.374237
-416.164886|-248.026352
285.949554|-349.848816
-399.932343|49.940071
14.504726|299.702087
97.430428|-114.287399
-89.383812|-104.704781
-288.438721|6.507054
-220.362900|129.423782
50.165527|451.114227
-239.673035|-163.135437
446.938904|274.164642
-5.024425|428.241180
177.590179|35.538483
-240.116623|199.210968
201.882126|122.220909
-102.829926|-400.836395
-160.759857|417.251801
-297.736481|-36.276993
130.129211|197.526535
387.468811|-106.307884
-65.962242|-178.259293
-377.096588|49.841301
-361.523315|-426.645935
142.542007|-221.025620
211.303116|21.694485
219.883514|-107.750153
-219.435013|132.164169
-271.878479|227.059662
-154.655228|493.739777
-199.942917|445.193848
286.381256|150.748611
420.731995|-200.253967
121.657173|-148.426041
-276.781494|-123.057343
-351.415741|-470.120514
-49.531517|48.511833
124.669083|370.136505
-170.783310|18.976181
-126.540527|-400.662231
332.975891|27.961960
336.041534|-81.921852
293.128418|-168.571487
349.992981|-131.111588
-121.665741|-102.525543
-53.635521|436.790619
-179.291534|20.932550
499.033264|132.416168
211.608963|379.255859
339.808746|-19.632149
-334.808411|69.916451
-331.126617|-93.256477
-244.795425|28.319578
-96.784164|436.371613
-29.852238|233.681702
65.173958|196.116257
-350.027313|51.119400
-371.610962|-450.063843
198.904449|-449.671173
186.382980|338.797333
-250.777573|220.662018
217.515381|-431.378998
495.594177|-479.012238
-396.146790|-479.438141
345.823761|-450.335510
357.067749|-3.315571
-249.575836|-197.140121
-120.925621|403.829681
185.038666|15.924884
-233.167633|45.550224
171.888931|-141.103912
-283.197968|176.084702
-434.973511|-201.123917
-94.786118|-266.191040
-70.743622|-255.203979
-446.484650|-259.576141
-349.787354|-195.422913
-100.087639|170.544174
133.072327|49.875412
77.276299|-221.813889
11.918517|-150.989151
-150.053848|-149.550797
-174.515320|450.624969
277.470581|-200.483063
-404.031647|-389.254211
106.959663|406.190887
149.308640|-460.697693
-483.559509|-399.869751
-145.764755|-367.941803
-223.962021|-396.561432
-153.791016|-43.682091
-372.154236|-135.200699
425.573608|-161.612686
225.450302|-449.882538
-398.654419|-266.222656
441.730713|135.752747
-34.185600|-50.074921
-466.869446|498.996704
