-368.617950|-55.753304
-24.069868|-150.146912
-198.289597|289.241119
252.852142|-91.779488
-138.095032|-144.793701
-2.075693|165.963165
157.874634|-276.375885
-225.230301|-213.089447
-317.499725|419.689758
-449.498413|421.603882
-127.517548|493.380829
-411.102142|452.198547
401.374939|156.697845
-123.340126|33.355961
179.664810|356.592834
448.820923|-29.277355
-400.259064|-432.709656
122.366570|184.043213
128.321793|-195.637573
-219.580093|248.930222
479.586823|-201.433136
77.460518|49.381935
483.612732|137.185791
495.269470|-216.795258
397.787964|385.645905
-117.832771|452.545746
317.605469|130.716537
72.579620|-28.602785
78.558159|-204.846451
120.506493|-455.042358
-175.695343|307.059174
455.267212|238.723831
92.273613|-30.097815
293.304382|-48.637402
102.940140|-292.107544
-227.385223|-498.293152
-312.921600|-55.641884
-123.805641|57.848244
143.506393|332.580292
-432.777344|-398.546295
-406.897491|-385.725586
244.562683|371.811066
-282.396271|-439.796661
314.517609|-32.411922
310.597748|-439.736633
72.993729|-84.984474
22.411524|59.480961
-158.992630|300.704773
-280.398499|-147.813843
272.237000|498.030792
449.907898|-199.373047
-77.932343|17.528879
261.532837|215.945313
201.590973|51.675182
-250.784073|-296.825256
-45.713619|-304.219940
-255.517593|168.512238
-298.554474|-451.171814
-156.492203|212.484619
-5.967373|-422.519104
29.149248|-20.783163
-254.147079|-141.352585
208.917831|142.219894
-281.692261|498.317474
-308.306763|75.561790
-216.149200|393.333130
-52.223999|-263.308624
260.952576|116.418411
-237.770538|135.926254
-17.688148|400.311096
497.533325|-153.025146
14.328462|-423.232544
-384.717255|-204.038559
-264.976166|300.592499
-199.946960|40.337509
-436.579681|-434.807068
-187.402664|-50.943375
460.193878|-22.493019
474.826385|408.579407
60.417973|-233.142166
451.693390|-465.136169
97.021797|74.420914
434.758942|393.331940
-356.442993|4.711631
489.784760|-160.824402
-319.464661|-51.159950
373.210541|346.345367
483.407379|11.978924
-416.573303|-124.951965
-75.224098|-465.516876
-49.188343|-164.635254
-457.448059|153.016800
270.420990|-8.548060
51.747768|-200.284286
484.651001|-449.539459
77.055611|-475.017059
33.440777|353.719421
139.051773|287.189453
37.928566|425.571259
-476.355164|293.530945
319.391266|39.243858
-319.702087|338.585083
271.166382|-150.087357
138.813263|10.919817
380.295441|11.334491
270.106720|350.295868
-44.117516|91.184036
-401.555115|-250.434631
-435.567902|383.110626
-441.676483|64.015511
438.877014|-377.238617
455.264252|-251.494919
-251.260635|-242.427414
-250.112213|-464.428772
-55.103756|24.082106
40.991764|-445.543335
265.149170|110.878372
-430.345856|-495.766144
-252.940079|335.088623
260.004333|-214.010895
-392.479187|23.949640
297.661987|-179.981750
-199.162704|-35.398529
451.002472|296.384979
129.559647|161.030609
-199.618118|478.294067
-242.669388|350.702271
-393.023102|-408.408234
-100.337982|10.358745
481.553406|26.860416
-63.804718|-84.984093
51.395405|-397.974548
-330.748047|119.873306
267.042786|-439.378540
-300.845215|-474.180725
363.151489|-143.574783
-202.599365|184.730453
14.685950|1.524965
-389.225159|359.735107
-138.004883|108.125938
129.895966|350.267761
274.521301|-409.020172
417.701385|282.975739
-297.124359|304.176819
160.805130|149.226501
-150.640610|-91.105919
-131.247452|150.450363
-239.533752|-352.375977
-216.260330|288.315399
325.998566|148.952026
-58.247070|385.711945
-90.362381|463.105804
473.266907|94.544067
57.062382|-92.363075
248.106354|411.157745
11.627292|-447.293152
360.287872|366.388641
-460.260254|-261.116486
-299.563568|-207.745972
-89.170448|226.188614
-450.481567|176.193039
420.207275|-297.019989
-499.068390|247.102142
252.425217|-374.353577
-88.917564|348.173004
200.499771|92.762497
224.930161|-338.828033
199.586029|393.847565
-8.628985|174.727707
-164.543594|175.662094
-201.201004|-103.607162
248.070831|333.787018
-248.735489|58.492210
-418.586853|149.669250
-253.420914|-219.096436
134.203690|-304.483093
-78.013626|389.557159
-198.502609|-14.438693
163.328629|14.543114
-325.609863|493.481537
147.484375|-107.830803
-261.053711|161.066284
305.229614|87.811684
-150.592438|-114.736183
380.158936|-229.881027
7.339322|439.700745
223.635315|328.542084
295.459412|419.477020
-456.850830|47.565853
-222.771423|50.247707
-384.905243|2.959983
-76.047501|-193.972305
-151.193008|-282.145264
114.978157|451.963562
-98.603661|181.888168
-304.976776|-421.350616
380.595764|282.001617
-373.875732|378.137634
-85.487297|59.445068
27.703747|86.768814
55.271847|-276.730103
-240.121887|457.557007
-54.877422|-134.015625
-385.939301|-170.550461
342.335297|-320.610840
-401.690186|49.998917
61.921200|377.990784
123.534447|-89.933891
-64.881371|-104.549561
-286.151215|17.337336
-259.099335|189.972214
50.822052|452.893433
-216.767914|-165.508163
486.484802|284.553894
-9.533836|426.227234
182.360168|30.934465
-273.289917|196.487503
201.523117|123.572914
-44.357559|-336.489014
-72.321404|371.880310
-298.544006|-39.869762
163.430573|209.928986
383.816650|-105.921158
-73.067810|-166.283401
-369.948761|49.404503
-375.521149|-434.826904
139.683319|-220.324234
215.311661|34.965420
245.377899|-72.044174
-230.829681|192.834824
-341.067139|258.981262
-150.448822|-466.811127
-182.744370|457.191467
313.144440|160.466248
448.577728|-170.753754
108.765060|-179.203125
-250.902496|-43.501541
-352.276398|-464.740326
-48.377705|51.503658
140.948441|375.163605
-184.274399|21.673468
-82.371391|-340.022186
349.669983|24.080359
286.632355|-97.043488
379.825500|-200.041183
350.198425|-149.735779
-60.828400|-62.119408
-48.406281|448.338348
-173.204971|47.561131
-498.597412|180.998215
221.743332|382.797211
360.022400|-51.488033
-344.402466|106.685944
-291.081726|-63.029556
-245.990677|31.780825
-138.135818|466.299194
-13.245931|251.793915
133.442749|202.890808
-344.841431|76.935219
-378.019073|-452.778564
205.373474|-450.345306
165.867813|354.310272
-306.356232|217.323730
214.975235|-426.370911
-427.741241|483.331848
-398.508942|-463.987823
359.098724|-439.972687
383.790222|-15.613211
-250.046280|-173.012283
-58.400009|402.906921
189.611130|12.803146
-245.822586|87.476540
201.527679|-63.044025
-274.650726|223.828995
-412.486969|-112.990082
-169.979752|-259.409851
-109.641174|-307.687347
-438.585632|-246.577454
-348.318054|-194.656036
-84.188736|246.328262
134.214523|49.751472
71.848114|-179.605408
85.321960|-95.602478
-103.357628|-125.214455
-133.495331|482.485901
182.535507|-183.365402
-404.451813|-355.016968
96.462128|353.682709
147.980011|-462.073730
-490.301147|-401.306305
-101.678131|-328.253174
-150.297913|-384.722198
-160.582733|-54.521133
-360.556458|-121.334976
415.086823|-160.423386
222.077805|-446.847290
-419.165222|-189.709274
-479.628510|96.871948
-43.000198|-56.751522
-441.984436|-450.514648
