-336.725800|-133.468948
-24.069868|-150.146912
-199.069183|289.590149
191.099762|-184.375137
-93.892746|-150.004089
80.711708|94.197250
137.799805|-392.319672
-286.276276|-297.727783
-387.873566|424.901520
-448.887909|434.601044
-94.526031|433.524078
-400.498291|449.927185
424.970947|49.906513
-145.011795|5.141604
137.058762|323.501221
448.052826|-43.487164
-400.990601|-448.111298
157.987015|236.709305
99.147415|-233.518738
-234.423386|249.157761
477.285828|-205.861862
-25.265697|-12.483139
-497.248047|94.902046
494.604950|-217.906357
323.890564|467.477936
-150.428619|437.823273
295.234131|193.182922
75.135414|-50.048748
78.232544|-223.573456
106.644608|-484.123413
-149.573227|333.116302
478.007965|193.737671
-6.441584|-7.531655
282.355164|-50.158447
154.095490|-391.822815
-227.223236|452.298828
-377.240479|-48.172588
-51.246887|110.989807
188.097366|339.766083
-434.104462|-393.445953
-338.729218|-419.065033
242.150375|377.370331
-301.834808|-472.982117
301.297852|-27.770376
266.960175|-375.665619
73.606476|-77.647408
-21.879253|100.742165
-155.943649|299.904083
-280.322266|-150.309067
181.074173|-484.656158
449.907898|-199.373047
-79.134148|23.288132
372.868378|250.065369
196.441147|49.804810
-249.591568|-300.030518
-80.201820|-379.257751
-276.840851|178.819397
-270.651917|-462.107269
-100.547264|151.929504
-2.863889|477.548981
-11.949704|53.489334
-275.309387|-202.888626
208.574982|141.926117
-276.412933|498.589508
-299.985870|48.781078
-250.037155|394.018768
-123.031242|-327.161926
234.891220|22.099890
-254.662506|138.006058
-26.232208|392.180786
499.814117|-151.969299
15.605227|-464.766754
-458.396576|-298.424774
-270.387878|300.556976
-216.284943|8.903584
-433.809021|-432.525391
-179.696533|-52.551964
363.740082|10.268064
466.155853|402.209991
56.542919|-225.282303
-498.749084|469.813385
50.692631|18.995262
456.747803|379.919373
-473.450562|21.358290
479.583008|-169.974869
-365.461365|-79.074379
370.979462|343.227936
496.798981|-7.506846
-423.316803|-211.192459
-129.941681|438.046356
-32.186356|-281.120361
-472.922668|100.173988
247.313934|-8.444714
50.713257|-203.034805
-473.294800|-449.844543
133.460464|-498.610138
-7.175452|251.724213
183.620880|302.010345
9.062877|417.013031
466.438171|285.242950
352.507751|51.662182
-357.554657|283.573578
250.252579|-172.440979
136.104080|9.989951
336.425049|7.836061
274.411255|349.985107
-9.660063|59.327915
-348.642090|-335.299408
-384.350769|307.189148
-449.862854|127.874420
399.514404|-417.221313
385.718140|-250.333801
-298.562561|-237.017822
-259.095917|-404.764435
-64.533569|-21.873590
22.874502|484.834564
250.059586|48.160583
-417.285919|434.815094
-306.686798|314.829407
306.435699|-315.761627
-489.749237|3.713405
298.629272|-145.200562
-176.339081|-23.166403
458.086731|297.010254
184.704041|107.279732
-200.139572|464.602020
-248.726425|349.041992
-399.925079|-416.437317
-100.337982|10.358745
406.342804|20.826641
-56.385754|-104.307991
42.304962|-292.085632
-382.695831|80.399231
263.065552|-449.474030
-299.244415|-499.671570
367.528229|-150.625580
-200.887314|183.066589
-12.227736|-24.107887
-316.041229|265.370056
-190.045715|61.702385
85.187645|352.204956
271.318573|-399.809479
379.757843|248.774887
-298.282135|299.640594
158.947891|145.942566
-149.875397|-80.877174
-99.184120|126.504356
-301.310059|-401.358978
-275.029663|225.673843
345.940186|140.286041
-123.999046|297.491791
-31.513395|-472.763672
443.140991|99.909874
64.173103|-91.752533
249.968750|421.492737
16.904186|-433.015411
287.666199|313.971039
432.449921|-243.569702
-300.072784|-209.341431
-128.549057|182.329163
-475.942505|202.825623
336.750977|-246.667007
496.112000|249.768295
234.198624|-420.087311
-14.147627|335.860779
200.327957|92.077766
259.074768|-252.850266
199.595917|400.433624
-75.466743|108.024979
-149.226608|124.652817
-201.028275|-100.692802
249.816086|357.006348
-287.481201|10.927310
-488.087036|150.460190
-259.607361|-229.260086
54.854378|-349.866821
-100.863792|296.915680
-199.885803|-10.776333
155.332413|7.490351
-323.571014|487.742401
198.848785|-198.937027
-309.224121|212.315262
291.352966|99.579788
-148.791824|-116.933853
399.949738|-173.124313
6.123695|437.151306
202.363098|332.843597
345.759338|384.224945
-450.183105|39.475723
-199.359329|40.168114
-451.506805|-18.190680
-37.800610|-229.780502
-221.724136|-363.473480
149.760712|430.688812
-47.491032|199.947250
-310.073273|-420.369293
430.000458|180.791245
-406.408173|418.166138
-85.413467|59.570885
9.523119|79.395294
97.719231|-380.192749
-239.526657|440.624176
-70.421997|-149.780396
-424.674286|-263.396027
280.057892|-359.776917
-400.111298|49.777084
4.710026|284.853271
96.819756|-115.998886
-90.840546|-103.836914
-288.564301|5.033075
-227.153000|127.783714
49.735836|452.609222
-237.197586|-158.393372
450.139435|262.695221
-4.782712|428.290649
175.996735|36.683136
-240.466431|198.263000
200.854706|122.569023
-99.877251|-403.381561
-170.528763|413.121613
-297.464905|-35.959789
125.418762|187.633835
386.437103|-108.947525
-66.010689|-178.283035
-377.434174|49.864594
-360.277344|-423.476654
142.349564|-220.546219
210.704636|21.213789
220.525726|-113.088730
-226.039963|127.883339
-273.493530|225.106781
-153.370407|491.017456
-200.112366|442.332336
284.365723|146.066498
420.327637|-199.182587
121.848167|-149.921417
-284.875397|-130.328949
-350.016479|-465.337219
-49.003304|54.080746
108.767647|362.518463
-171.216476|19.466740
-133.527008|-401.827271
333.253479|29.521370
335.984955|-81.734879
278.551666|-164.206604
350.238922|-126.957832
-123.466682|-101.581215
-47.297009|440.401001
-179.155563|21.235134
499.603546|128.662979
211.972153|379.054504
341.209442|-21.269848
-330.646088|68.333527
-330.812866|-92.990120
-244.624069|27.673313
-86.942772|422.967133
-29.683693|233.405579
53.228077|196.386505
-350.861206|51.526653
-370.262909|-449.469238
202.445343|-456.072601
187.390747|339.466003
-247.897720|227.440277
215.068115|-427.087646
487.320770|-469.299957
-397.320648|-479.443542
348.631409|-450.265259
347.181458|4.762356
-259.597687|-200.520462
-122.536819|400.246674
184.839462|16.650009
-232.954315|46.934689
166.584549|-153.712769
-298.617218|168.295212
-449.796326|-202.409744
-81.276009|-258.053802
-66.710396|-245.565186
-445.809723|-256.266724
-349.588867|-195.294617
-99.544456|176.623795
132.534744|51.729233
78.407585|-224.142960
1.513900|-165.619598
-161.213120|-151.996048
-173.537170|448.893890
278.843414|-199.376419
-400.666962|-383.391571
106.711716|406.551514
150.133911|-460.597992
-484.256653|-399.820068
-144.632050|-368.444519
-241.177200|-399.638580
-155.953598|-47.937473
-376.226074|-150.305283
430.591034|-159.564255
229.415329|-450.100586
-403.774414|-279.004181
429.002686|148.480774
-35.247158|-50.465050
-461.297760|497.566345
