-428.110229|-46.513981
-26.583273|-150.851959
-211.037308|294.934998
305.620636|-69.074654
-191.752701|-130.349457
-31.350056|209.762604
176.819794|-221.107330
-203.221939|-189.856567
-267.019073|385.896149
-449.325470|377.995239
-167.166809|-480.420135
-451.602142|452.198547
394.140167|197.955002
-125.335121|40.325714
230.629471|359.865082
458.609436|-38.855232
-403.327728|-436.654266
152.800888|171.210861
157.688629|-145.217361
-239.307022|303.850616
487.982422|-199.517929
129.265411|49.285564
456.443817|191.522385
498.276276|-179.677841
427.831329|418.763702
-99.622383|427.672302
370.254639|110.701508
104.870972|14.632662
91.257797|-181.504745
111.217804|-466.626221
-200.679077|262.574982
408.082306|266.093628
127.476112|-8.395626
305.946411|-5.083105
89.589539|-251.829071
-249.927826|494.050964
-334.063843|-19.727541
-169.607986|24.488720
103.196594|315.648163
-471.142914|-357.419281
-448.463745|-346.097900
284.514008|372.985168
-252.313889|-440.743103
357.485748|-48.590759
353.554840|-482.693634
54.269989|-52.351460
75.972374|36.468201
-132.687500|284.504089
-316.118652|-190.491547
315.194000|455.073669
461.347839|-190.714981
-65.905670|44.200619
234.884949|231.364990
195.162781|47.520851
-282.587067|-304.317657
-18.744209|-253.085373
-215.133209|165.714218
-298.988739|-450.663330
-184.854660|245.977463
-27.022892|-374.128326
35.729599|-29.122171
-231.738815|-87.142883
237.580826|144.260574
-304.964691|496.275757
-300.431854|108.017418
-173.536652|386.834839
-29.473078|-206.983215
259.427521|163.356720
-258.266998|126.267502
17.604782|398.844574
-497.000000|-104.000000
8.060832|-368.126434
-341.597351|-161.250351
-270.404938|304.596161
-197.785843|50.005772
-455.543945|-400.456055
-149.923859|-32.443027
492.153412|-30.243832
-470.153625|417.772919
61.956245|-240.355484
407.551636|-428.517120
130.938202|99.563805
404.316589|432.746857
-317.326294|15.109959
-485.555908|-176.698868
-349.372284|-5.435816
412.315704|349.605164
475.714355|62.373459
-450.071594|-81.227501
-48.318291|-413.873138
-43.509102|-106.974335
-419.409637|198.797943
315.238800|-5.838384
42.469833|-167.847946
427.951813|-466.197235
89.967308|-451.378418
57.097225|408.469757
100.575676|250.556061
34.433975|442.180878
-451.841400|326.405670
279.495911|12.624007
-289.440125|348.897766
323.846985|-120.235382
139.037354|11.369929
430.605865|33.683342
321.026581|350.858704
-64.197456|146.047821
-442.433960|-213.515671
-476.917114|403.135040
-450.421112|11.369423
479.770294|-349.819336
-489.351837|-237.301636
-237.083023|-283.138397
-231.662888|-484.833252
-52.761368|28.684061
76.091797|-408.137329
293.846344|120.496513
-454.757446|-441.749268
-238.494110|347.216034
222.054108|-166.573303
-348.710602|45.730602
297.811035|-240.729660
-190.251511|-46.382629
466.504089|330.312500
81.670654|176.116852
-211.564545|470.994873
-209.689728|367.919098
-356.284302|-418.789063
-100.445686|11.626004
-497.690491|59.756771
-63.057991|-57.077606
89.671318|-439.593872
-327.777283|169.118576
250.071426|-416.205963
-302.580719|-471.375061
404.867371|-139.242752
-191.375183|194.420609
27.416359|6.142906
-408.674225|389.838348
-97.504890|108.125938
127.313469|330.363800
244.615692|-393.252319
426.687836|306.273682
-291.846924|333.564514
171.375412|151.673355
-95.772850|-67.569733
-175.242508|149.651215
-201.227295|-307.154175
-199.359467|340.596100
379.384216|154.984604
-36.776253|433.657104
-94.829155|454.315887
499.373260|85.760025
25.874958|-91.238731
233.767212|419.040192
12.053851|491.255310
419.332550|380.564850
-408.246185|-267.762909
-295.613861|-203.083588
-42.941223|250.820526
-402.407440|177.869598
454.614471|-346.935883
468.237793|274.423920
265.433105|-332.164734
-148.956131|350.878662
171.649963|111.562454
200.688171|-391.847992
196.133728|385.312805
4.057837|217.490601
-169.736969|184.977310
-198.826523|-99.951523
256.398254|284.478729
-198.420578|82.026306
-388.918396|152.143341
-227.943253|-200.295959
181.240097|-271.347168
-54.914803|437.451324
-197.299484|-14.900039
161.880402|19.555338
-350.561188|-491.541107
141.741440|-70.332222
-231.040253|123.941391
356.307343|61.879597
-150.358795|-117.844536
342.764435|-276.314514
8.948318|444.442657
198.998032|303.103546
243.096786|448.096527
-429.698425|48.351845
-243.492599|48.973282
-335.809265|5.420708
-121.276451|-161.578613
-167.128952|-248.176086
77.190056|451.351257
-138.395813|138.277924
-252.966125|-425.514862
397.096130|298.557098
-353.014618|336.831390
-85.635696|59.481522
82.667343|95.550514
32.676914|-226.703079
-293.914795|474.366302
-20.263317|-89.382210
-341.186462|-133.000000
378.786285|-272.010345
-380.694214|49.473331
99.394035|424.173492
157.903931|-57.272324
-69.165054|-102.860512
-285.679779|-1.951809
-306.060516|186.983765
50.048656|444.386383
-189.464111|-147.948792
486.283722|289.510620
-8.158913|426.381348
172.585083|42.660095
-290.583557|253.669861
199.483139|117.702568
-3.121897|-336.808350
-21.769171|365.254242
-299.380035|-38.327061
194.685577|262.021210
399.750732|-61.933048
-117.436150|-144.580627
-331.582977|68.357376
-325.997162|-433.825500
148.152023|-230.514282
231.209457|83.556725
237.695160|-25.010296
-237.309494|225.774506
-401.817139|258.981262
-143.381943|-453.426697
-170.181900|-485.178192
279.447174|211.013382
485.118530|-152.676865
123.149063|-234.274689
-240.725830|-1.784153
-332.025146|-418.713684
-34.524178|98.188309
162.007950|412.768219
-163.727051|15.670289
-28.176241|-330.249298
348.741302|7.873058
291.911102|-96.231895
437.251221|-214.538116
340.080139|-200.014893
-69.135414|-27.858822
-92.186348|490.278900
-147.113281|76.938385
-499.499207|232.790283
214.810120|400.903137
368.526550|-89.677551
-345.485809|153.824249
-261.950134|-12.508080
-246.104233|30.337139
-174.745132|436.795990
47.162815|253.803833
154.649597|183.883820
-379.151978|100.098740
-363.002625|-447.930603
173.082016|-487.725311
154.306976|392.389984
-352.998108|218.782104
170.796463|-437.677612
-371.336823|460.770630
-424.859955|-450.206299
371.716675|-390.981812
441.270386|-12.092680
-268.420532|-216.899643
-8.127813|398.184418
192.995804|-0.507688
-263.870117|136.406784
177.531570|-28.572104
-263.534454|272.814880
-410.099731|-59.865780
-191.181824|-241.653427
-151.938370|-347.886871
-436.647278|-244.484589
-339.926178|-243.039780
-53.441250|271.916962
184.632599|68.257591
65.251343|-168.150818
111.110374|-44.139030
-49.975365|-123.893898
-126.096817|-479.363647
149.041290|-190.491440
-359.801392|-333.937775
56.832512|308.684387
149.722366|-489.423889
462.998016|-406.304169
-48.562813|-304.821442
-109.927727|-403.237549
-135.091064|-50.124527
-401.956390|-92.198143
407.637939|-150.437042
238.075439|-464.676697
-446.334137|-135.372681
-430.556671|69.013222
-23.573423|-25.256239
-419.561035|-417.656342
