-333.356506|-135.095978
-24.069868|-150.146912
-198.800598|287.992920
190.802277|-187.942413
-95.952438|-150.056656
77.226784|92.815109
136.123779|-395.674316
-288.928223|-300.379150
-388.053375|424.799622
-449.231232|434.511841
-98.200684|434.121094
-399.446503|449.385834
422.865204|49.739498
-147.187149|3.269496
136.596436|323.098145
449.168274|-43.474060
-399.285980|-448.218109
161.341125|238.386322
100.307373|-234.961441
-234.172455|250.680939
480.520935|-205.576431
-27.917414|-15.134721
-496.234985|98.511192
495.700287|-216.894699
320.890533|469.727997
-149.823425|437.821747
292.423157|195.664322
74.652771|-49.978737
78.140503|-223.634995
105.977814|-484.049622
-148.819077|333.630676
477.925293|193.444595
-10.068700|-6.580077
282.308228|-50.130287
157.226578|-393.886444
-224.407990|449.823608
-380.969757|-47.903622
-48.527130|113.192467
188.189270|339.964600
-433.860413|-394.340668
-338.946503|-422.518188
240.873123|376.695313
-303.133484|-469.532104
301.408142|-27.941704
263.921234|-377.741974
73.515900|-77.838890
-21.399902|100.496048
-155.452606|298.070038
-279.785461|-149.012543
180.782150|-484.604431
449.907898|-199.373047
-79.000595|23.386084
374.549927|249.356400
196.925125|50.757771
-249.481201|-299.854492
-80.201218|-382.398712
-279.710724|179.494019
-270.708374|-461.982544
-97.460037|150.057358
-4.136150|475.607086
-11.610959|56.864628
-278.907349|-203.218445
208.048798|142.119553
-275.721100|497.954346
-300.061554|48.983353
-250.122528|394.824341
-123.904091|-323.529083
234.475021|21.848818
-255.233948|138.676620
-26.185778|392.283081
-497.729462|-154.164932
15.547189|-462.238617
-461.005402|-300.666168
-271.610504|300.174713
-217.146149|7.184531
-434.217010|-432.763367
-179.209610|-49.363636
364.000916|10.505527
464.871002|401.923828
56.660736|-224.529037
-497.932892|466.559998
51.100487|18.853544
456.681549|380.010620
-476.993347|22.587437
480.509705|-168.168076
-364.614014|-80.765282
371.864441|344.788330
498.014862|-7.699682
-422.088318|-214.725754
-128.393570|434.644745
-32.190258|-284.870361
-472.631409|99.864662
246.530151|-10.232699
50.556808|-204.160095
-472.716461|-449.785889
133.097321|-497.856415
-8.843029|248.595078
183.920685|302.367859
8.088563|417.698059
467.081055|281.556213
352.992371|48.512840
-357.554626|279.823578
248.434586|-173.011185
136.029633|9.965543
333.450409|9.312158
274.077789|350.002167
-7.043420|61.168461
-348.058594|-338.995667
-381.711548|304.525146
-449.830170|128.692627
401.658600|-419.230774
387.774353|-249.741333
-300.494385|-236.620453
-262.341583|-403.027740
-65.505226|-22.861425
23.257931|484.669495
250.850998|46.570713
-417.538239|434.938171
-307.313904|311.145630
304.351959|-318.863678
-493.314972|4.845429
299.416321|-148.861710
-177.013733|-22.987724
455.380707|294.452942
188.208603|106.336388
-200.031479|465.127136
-247.038498|351.414429
-398.564667|-415.396088
-100.337982|10.358745
403.689697|23.476824
-58.252274|-105.847343
40.594166|-288.996918
-382.609680|79.847565
262.384338|-450.738770
-300.123138|498.281403
369.322449|-150.873184
-199.455322|185.057693
-11.806087|-24.714056
-313.389557|262.718384
-192.734329|59.819756
82.535568|352.882874
271.558777|-399.893127
377.565460|250.169586
-298.742340|300.654114
159.125397|146.016006
-149.958588|-81.452362
-98.151138|123.989014
-299.843445|-399.397797
-277.447235|222.994949
346.007446|140.649216
-127.574471|296.623383
-31.389235|-469.019470
443.403320|99.812454
63.921238|-91.810257
249.757156|421.495728
17.104992|-433.052490
286.906525|312.800903
428.858856|-242.599777
-299.951508|-212.584717
-129.127197|184.323837
-475.921204|202.818558
335.243561|-245.436600
499.645355|250.159729
233.377335|-419.376038
-14.138801|334.169678
200.801331|92.078331
258.745697|-251.142151
201.176422|400.716339
-76.708305|104.849442
-150.439194|121.278740
-199.386139|-98.877350
249.994125|357.276123
-287.443085|10.775786
-490.022400|150.049500
-261.011200|-231.630157
51.137295|-349.968719
-102.602814|298.470398
-198.215378|-12.361219
153.706375|6.362163
-322.878967|486.082428
200.778183|-202.152588
-309.032410|213.216492
290.823395|97.654213
-150.637466|-117.957748
400.669922|-174.516327
6.095940|436.712433
202.411301|332.895874
347.758789|384.206970
-450.365692|39.084854
-200.861877|37.845501
-449.254425|-16.471245
-37.876785|-232.424652
-224.059265|-366.031921
149.821701|430.485413
-48.447964|197.473709
-311.968170|-420.015594
431.727875|177.560349
-406.976227|419.410156
-85.187553|59.625298
10.822339|78.090004
100.172386|-383.027649
-239.650681|437.653473
-71.205620|-149.746582
-426.548798|-266.636017
279.446228|-362.543274
-399.975739|49.985298
3.142501|281.446625
96.642105|-116.008278
-90.617363|-104.035217
-288.525055|4.594522
-230.218399|127.294884
49.458176|454.187683
-236.895233|-157.906967
450.092834|260.873260
-4.696627|428.170349
176.154663|37.171406
-240.216843|199.765167
200.379288|123.411018
-97.982185|-400.576080
-171.824661|412.331299
-297.552704|-36.175381
122.471542|185.426971
386.390076|-109.282326
-66.738403|-178.174179
-377.489563|49.962574
-360.492004|-423.112274
142.619537|-220.658432
210.692383|21.421793
221.309357|-116.401619
-229.393326|126.711487
-275.957825|222.338638
-153.550491|489.172333
-199.431946|442.548828
287.112854|148.582458
418.607483|-200.744995
121.418449|-150.289688
-286.399139|-131.937805
-348.876770|-467.567139
-48.663879|51.724365
105.131630|361.600891
-170.375000|19.870255
-132.854477|-400.724762
332.393677|29.486887
336.226532|-81.632729
275.311615|-162.471146
350.194794|-125.552818
-124.429146|-101.639137
-48.453911|438.035797
-179.676865|21.458982
-498.959686|130.354706
211.361649|379.257965
342.164337|-18.588091
-329.849915|68.336868
-330.709900|-93.382950
-244.726486|30.426039
-84.745064|421.964630
-29.456524|233.307083
50.744049|196.592285
-349.009460|49.278793
-369.990479|-449.394806
201.384354|-454.696991
187.336227|339.619141
-249.521515|226.778976
214.568832|-427.629272
485.916656|-467.992340
-397.379395|-479.549957
350.387115|-451.345367
343.446808|5.014669
-261.916718|-202.649261
-125.563278|399.067963
184.714325|16.846752
-230.023239|47.945869
170.199905|-154.662155
-301.507416|165.919281
-451.497223|-200.748703
-78.598915|-256.157104
-66.401489|-244.423492
-443.104401|-258.294556
-348.562378|-194.896744
-100.640831|175.655182
134.276321|54.511772
78.745049|-223.944717
-1.178590|-168.229340
-162.072418|-151.248825
-173.606461|450.858734
279.690826|-200.384964
-401.633942|-384.840454
106.783981|406.946045
150.510162|-460.836426
-483.507050|-400.061920
-144.466385|-368.231110
-244.868484|-399.040192
-156.615341|-49.236015
-378.405853|-153.278320
433.999634|-158.004501
230.352448|-450.165527
-405.768921|-282.178833
426.605286|150.807663
-34.127254|-50.352509
-462.054871|497.735291
