-345.015839|-126.015991
-24.069868|-150.146912
-198.515762|287.602417
192.127045|-174.073257
-91.972343|-150.112656
86.592484|99.403923
142.755707|-382.220520
-278.307861|-289.786530
-386.785004|424.296204
-449.734192|435.903503
-95.522514|440.397766
-395.791809|448.676910
429.056671|51.411873
-138.562637|11.310517
138.370270|325.309723
444.950928|-44.047443
-399.877075|-448.525757
147.924683|231.678253
96.631638|-231.563248
-231.319901|249.689316
477.018066|-199.618820
-17.308136|-4.530799
497.954437|93.880684
494.153687|-218.162094
332.889954|460.727142
-150.312073|437.344788
299.460754|184.870697
74.834244|-49.951904
78.204437|-223.149155
104.473030|-481.730347
-149.569595|332.873596
477.845001|193.923065
4.308282|-10.845082
282.490326|-50.029938
144.632309|-385.744904
-233.628113|459.275146
-366.034668|-48.570644
-60.537914|104.854240
188.220169|339.779877
-435.679474|-400.736328
-346.052216|-412.663696
244.117310|376.775238
-300.330261|-468.498138
291.455383|-27.720232
273.589294|-373.163025
73.080696|-78.205261
-23.320969|101.662994
-156.193604|299.017029
-279.765350|-149.580490
182.227646|-485.344818
449.907898|-199.373047
-79.334320|22.727034
365.775818|246.322784
201.082092|51.122021
-249.014389|-299.798126
-79.270706|-368.227814
-271.023224|180.884369
-270.859497|-462.065277
-109.703239|146.705688
-1.528448|479.767334
-9.419099|42.701889
-272.545776|-204.147018
210.299850|141.642334
-277.065094|498.935181
-300.032013|50.027504
-249.868576|393.615631
-117.792229|-334.348083
234.976578|23.337679
-258.023071|136.777557
-26.098413|392.500061
495.917236|-151.114258
15.300852|-464.152100
-450.441742|-290.469635
-266.941101|300.320557
-214.174515|11.375834
-434.706940|-432.219666
-178.794876|-49.400211
364.234222|8.995692
464.280975|399.627502
58.061859|-227.486954
-499.319946|480.043884
51.965012|16.048700
456.554230|379.785522
-462.877686|17.543449
479.764404|-169.440216
-355.750244|-78.260010
373.645020|348.461914
-498.333282|-15.532475
-426.660217|-200.552597
-125.410988|447.851563
-31.959009|-269.874847
-470.269745|100.096336
251.674393|-9.243073
50.955360|-199.737747
-473.528137|-455.833130
130.526489|-499.068359
-0.955332|261.098206
184.204056|300.913239
7.829041|418.475677
469.059448|293.275818
342.754547|52.928001
-357.827271|294.817627
251.217148|-173.393265
135.876999|10.362130
338.088989|7.597883
274.056335|349.997131
-14.908480|67.341827
-346.818115|-324.678772
-391.664642|315.700653
-449.963806|126.325539
402.955872|-413.055206
379.311066|-251.369186
-293.198303|-241.718887
-254.722916|-415.000366
-61.645802|-18.841177
20.735394|479.797363
249.328934|56.292458
-417.273163|434.389618
-299.245087|322.877380
313.006775|-306.682739
-479.300995|0.913090
301.464447|-147.053757
-177.058868|-22.477209
453.959015|303.965576
174.002579|109.271263
-199.834885|460.856262
-253.568619|351.551727
-401.497009|-419.205292
-100.337982|10.358745
414.862244|13.582816
-55.419525|-109.187996
47.082020|-301.429260
-383.654175|82.065109
264.314423|-450.093933
-299.272766|-490.309418
370.462555|-149.618240
-200.668396|183.211700
-12.217675|-23.407284
-323.996246|273.325073
-182.497925|69.072380
89.562408|350.764282
271.021240|-400.434082
378.776733|240.828720
-295.501038|300.091461
159.032135|146.112747
-149.742981|-80.126724
-99.929398|131.488449
-298.085693|-395.996033
-271.537170|232.948318
345.600220|140.250305
-120.616058|307.889984
-31.820372|-483.990906
442.509369|99.957474
63.815861|-91.831955
249.903976|421.116486
16.238317|-433.408691
289.515015|317.915436
443.496277|-245.560303
-300.110840|-203.565811
-126.491096|181.094772
-476.004547|202.860931
342.651581|-254.635468
492.563995|250.003540
235.641983|-419.140320
-15.877031|339.462158
200.458313|92.564217
257.952026|-252.493561
199.326706|394.949707
-77.207527|117.846001
-151.314545|128.309692
-202.042297|-100.590080
249.767654|357.151428
-287.384369|11.060696
-482.199677|149.575668
-257.498047|-224.707779
65.925133|-349.060638
-98.038681|300.645813
-198.002808|-10.683044
157.221344|8.750654
-324.627380|489.365387
193.060440|-189.290421
-310.653290|209.004074
299.359741|97.912910
-149.644623|-114.085663
400.184113|-174.909790
5.559821|437.147858
201.810028|332.697510
343.993744|383.468170
-450.218536|39.717197
-201.306198|38.756977
-448.397095|-15.610753
-33.927155|-220.546829
-215.860352|-357.070404
150.277237|431.162170
-50.329094|199.619781
-306.993164|-419.177246
425.367950|191.028610
-407.218994|416.923553
-85.682419|59.347347
8.286801|82.148132
95.112823|-369.587341
-237.056229|450.158142
-69.926590|-150.173584
-418.103729|-254.277435
281.882324|-352.386017
-399.887360|50.038193
9.914928|294.815399
97.208679|-115.088470
-89.428322|-104.938339
-288.445892|5.972361
-219.579193|130.958847
49.798645|447.168732
-238.500870|-160.970490
447.837250|267.809723
-5.108871|428.209961
177.201508|36.055733
-240.747986|198.576202
201.686539|123.247345
-104.260498|-399.452820
-165.249069|415.630768
-297.571960|-35.911186
129.924744|195.446259
387.073090|-107.509819
-65.960281|-178.294540
-377.521393|49.475056
-360.121674|-425.127991
142.389633|-220.808807
211.159683|21.595846
219.827255|-108.705399
-221.231354|131.002960
-271.816620|226.771133
-152.415405|498.049500
-199.598160|444.466522
283.044342|150.502014
421.334015|-199.682510
121.505875|-150.049759
-279.872681|-126.422707
-354.434204|-466.098450
-48.490639|51.803951
119.464355|365.920898
-172.398560|18.661722
-132.408112|-402.345551
332.658356|29.516741
336.030060|-81.749977
287.873413|-169.899124
349.662537|-130.324997
-124.958611|-101.333199
-55.892933|441.009338
-178.890198|21.281137
-499.323212|127.542358
212.369675|378.735565
342.244690|-18.506153
-334.727814|69.240433
-330.922150|-93.208549
-239.464111|27.321558
-92.591942|431.138702
-29.806566|233.925674
60.727863|196.385437
-348.105652|50.841557
-371.625763|-450.035980
203.721527|-449.248627
186.426041|338.987610
-253.427094|222.549149
215.540192|-429.522186
492.530762|-474.775482
-396.483429|-479.278381
345.580902|-450.146759
355.864563|0.479385
-251.746490|-200.076553
-119.035103|403.455383
184.903671|16.157009
-232.555222|46.914196
168.286194|-146.777344
-288.940796|173.654068
-439.541840|-205.426895
-89.955864|-262.334076
-68.377281|-249.271332
-450.398590|-258.899506
-349.314178|-195.130997
-100.697266|171.355637
134.747101|51.632896
77.972351|-222.803955
8.162105|-156.588791
-156.258438|-149.709808
-174.604324|449.377014
281.216583|-199.890015
-403.324127|-389.001190
107.055908|406.749176
151.389618|-463.976013
-483.612152|-399.947693
-144.461426|-368.025909
-230.101593|-399.283478
-154.658020|-43.681210
-374.688690|-139.332092
426.652161|-160.139725
227.336517|-449.898651
-396.392548|-271.036469
436.957703|140.525757
-34.420506|-50.862915
-467.680298|-496.675415
