-439.751617|-43.602234
-26.585649|-150.811386
-212.554901|306.058685
306.876190|-76.263901
-199.252930|-124.411102
-40.950035|216.962555
179.865234|-210.068924
-195.592896|-183.247498
-258.785522|377.419434
-448.652954|366.098083
-176.449829|-472.894043
-459.602112|452.198547
392.295197|205.898209
-116.916855|40.358154
241.940735|356.858276
459.135559|-48.293011
-398.315979|-428.854401
154.824631|163.188019
162.314011|-134.201553
-243.526443|314.805878
486.166840|-199.906784
137.720627|57.359215
451.077301|202.255569
498.854004|-172.388824
433.479095|422.632202
-89.616570|431.137390
380.159180|104.014359
111.649750|24.513359
93.116577|-169.660828
105.351555|-470.820404
-209.184738|254.110245
401.617035|276.061279
138.623169|-11.782907
313.060760|3.496030
85.903122|-251.685760
-259.530579|-498.054871
-325.562805|-20.998009
-173.908615|14.948553
98.507713|306.669037
-480.493011|-354.763428
-455.660431|-336.495422
295.898254|376.780121
-240.893326|-443.685394
365.485748|-56.590759
362.043823|-491.175262
54.270054|-40.351460
85.313667|28.947563
-120.687508|284.504150
-321.354614|-198.314209
323.674896|446.583984
465.695007|-187.730469
-62.591671|41.176758
224.228470|236.490646
195.190338|50.897057
-290.587067|-304.317657
-15.834352|-241.443497
-203.133209|165.714218
-304.654388|-452.908356
-187.086090|246.448456
-34.049385|-365.037537
38.745434|-32.823883
-222.675903|-79.300568
242.206772|141.165405
-312.500763|-493.646271
-298.346802|113.880676
-167.003204|386.894287
-20.815502|-201.048233
257.797882|165.276779
-270.248047|126.540298
26.155384|406.922668
-497.000000|-92.000000
4.994231|-356.553223
-331.279205|-155.294052
-265.145630|311.708313
-207.608109|49.910793
-464.029297|-391.970703
-138.495255|-29.721071
-497.789825|-36.912716
-458.918671|419.387817
65.285057|-251.874115
400.973114|-418.759216
133.712494|111.226768
402.931793|444.527893
-313.120667|16.333933
-486.066956|-178.098816
-350.323730|4.544755
424.123657|350.009155
467.316376|66.017418
-450.093445|-72.281464
-40.816948|-404.506714
-43.507736|-94.974335
-408.140198|198.407104
319.733734|-8.383240
32.700615|-161.023224
417.218903|-471.563934
88.537033|-450.536713
63.425243|418.654907
95.054840|239.903107
42.407692|446.432220
-445.423431|336.534485
269.062500|11.000000
-284.701111|357.932617
334.580017|-114.868866
138.999832|12.222122
442.522156|35.053959
332.872406|349.632874
-69.564034|156.780975
-449.339966|-208.152954
-477.100494|414.153259
-451.657593|1.002527
484.673279|-351.150604
-477.351837|-237.301712
-237.083023|-295.138397
-220.931107|-490.202484
-49.103191|28.784349
86.804848|-413.117737
304.135956|114.321991
-460.933594|-431.460754
-226.849716|348.872925
214.562485|-157.199081
-337.049469|48.560650
301.683899|-251.478943
-187.561356|-57.407539
466.504150|342.312500
69.670654|176.117065
-211.564529|458.994873
-203.409378|368.359467
-352.310516|-423.504639
-93.511955|17.677597
-487.086395|54.827660
-74.003044|-52.176327
95.939079|-429.400055
-338.036713|173.908646
249.757248|-422.867371
-313.001434|-469.555634
412.867371|-139.242752
-187.233856|204.667999
30.843399|9.511492
-417.157074|398.326019
-89.504890|108.125938
126.000000|321.549347
240.821030|-381.868042
426.789917|318.170685
-288.271393|338.485229
172.076935|150.698959
-86.237427|-66.526970
-186.540085|149.181519
-192.744431|-298.666473
-201.078583|345.950684
386.587708|164.581924
-31.899529|444.518738
-99.942871|446.217285
-497.233948|96.700127
16.256416|-97.133804
240.393539|427.997284
12.053022|479.255310
430.936859|378.087128
-400.423431|-271.061066
-299.033478|-198.062439
-34.454914|259.304779
-402.086487|187.768570
461.286102|-356.910309
457.315613|278.841278
268.344330|-320.523224
-160.954971|350.977234
168.123734|119.711708
198.598724|-399.635284
188.133728|377.312805
1.022781|223.510849
-172.938354|186.623917
-193.515335|-101.705078
252.602798|273.094727
-190.105881|90.539711
-379.304199|146.510925
-219.943420|-200.296906
186.287872|-260.508087
-57.726334|449.087128
-207.969070|-17.216108
160.712997|16.555891
-347.583923|-486.854431
145.520676|-59.469982
-220.847015|117.850464
366.296448|55.229919
-150.333496|-115.537819
333.999054|-284.171234
11.421514|450.457153
189.143890|297.272156
231.640381|450.280029
-429.698364|36.351845
-253.810883|49.653133
-329.658508|9.989258
-131.258972|-162.435013
-165.379349|-238.169815
73.352921|447.249847
-146.936508|129.848877
-241.576950|-423.068176
390.053802|306.630249
-344.525146|328.350372
-85.354996|59.644855
93.400497|100.917091
24.192413|-218.217026
-305.471924|471.767639
-10.347210|-82.705879
-333.186462|-125.000000
385.986969|-262.410828
-376.847992|49.303970
104.047852|433.782562
159.535919|-54.709221
-73.334999|-99.314995
-284.442474|-9.280107
-314.318481|186.915375
50.561474|452.379578
-183.679703|-137.501617
496.723877|284.494202
-12.096087|424.346069
164.556183|41.224716
-293.495636|265.311157
199.024643|116.646393
3.953699|-327.618164
-12.395798|357.761658
-300.413940|-38.866001
200.859406|272.311249
398.382782|-58.475536
-125.921364|-136.095261
-325.414978|78.650848
-315.540924|-429.682037
149.637482|-238.174255
231.890228|93.368340
230.498444|-15.407841
-241.555542|236.853577
-413.817139|258.980927
-138.928040|-442.283875
-165.962936|-473.947266
272.791199|220.998230
490.843109|-151.505798
126.287544|-243.921738
-237.731750|-3.398004
-326.607300|-408.006561
-32.170238|109.955177
173.649765|415.678223
-163.519684|6.120409
-16.917084|-327.791687
348.902161|4.227312
297.554321|-89.893959
448.395691|-218.987976
332.882721|-209.616821
-75.061493|-21.331747
-101.903542|496.348572
-139.914780|86.539513
-491.013977|241.275726
218.914520|411.974182
365.403442|-91.691994
-351.648468|163.172165
-260.635468|-0.925816
-247.077011|30.213846
-184.345444|429.596436
59.162815|253.802856
162.838074|182.817520
-391.096283|99.945107
-352.963043|-442.480255
163.942184|-495.287445
144.735321|399.206390
-363.122070|212.455460
160.063309|-443.044312
-360.192596|456.320251
-431.022156|-447.503326
371.721069|-378.981812
451.929504|-11.131890
-273.801941|-227.625275
1.237344|390.727600
194.664566|-6.430937
-273.483643|143.588684
174.860703|-17.250299
-253.279388|278.328186
-414.371826|-51.915760
-201.914429|-236.285797
-161.539474|-355.085327
-436.264404|-239.276718
-337.745911|-253.343979
-53.441250|283.916962
194.284729|63.455887
57.352123|-159.202393
120.762665|-37.009857
-38.464417|-120.938736
-125.925957|-467.366425
151.594788|-196.555130
-348.033478|-331.589355
49.379978|299.666687
138.119278|-492.269226
450.998016|-406.303711
-36.836388|-302.450165
-101.102158|-411.157745
-123.581528|-51.261093
-411.940521|-85.541107
398.083862|-155.095871
248.060379|-471.332550
-451.702789|-124.640663
-420.281403|75.119820
-12.840181|-19.889912
-420.685425|-424.272247
