-349.773804|-115.742310
-24.069868|-150.146912
-200.456558|287.629639
191.670731|-163.302246
-95.424026|-149.511276
77.123787|106.562988
145.795273|-370.694397
-269.265411|-281.941864
-384.864075|423.174164
-449.690826|435.208893
-106.105865|444.801208
-397.951904|448.300842
426.146027|63.053596
-132.633469|16.981009
140.540192|327.159607
444.035889|-43.914902
-399.163391|-448.128418
137.191528|226.311752
93.089302|-229.885635
-231.831116|249.546494
478.454987|-201.411896
-8.736288|3.866251
-497.539032|99.844849
-497.926208|-216.946060
342.455597|453.481781
-150.365570|437.356293
300.119934|175.567963
74.424553|-50.373840
78.567795|-224.533188
103.064575|-478.807861
-148.646561|333.361969
477.469666|194.013412
15.807423|-14.247294
282.546539|-50.089836
134.655563|-379.076752
-237.243530|465.212891
-356.916626|-56.017761
-72.176353|102.628647
188.523102|339.727386
-433.440948|-397.488251
-348.181244|-401.485779
243.585571|376.559326
-300.961670|-456.585876
282.249908|-27.379524
273.921173|-372.879944
72.683922|-78.927719
-25.287176|101.046074
-156.180069|299.705597
-280.048584|-149.409836
189.103058|-483.905090
449.907898|-199.373047
-79.436668|22.874670
356.452789|239.774811
199.824188|50.968124
-250.802536|-297.761169
-87.418320|-361.641571
-266.164001|182.408600
-270.838867|-462.107422
-121.555832|148.356567
-3.139094|489.568512
-6.785616|31.022202
-272.210907|-203.283173
208.372437|141.663589
-276.374176|498.429901
-300.131256|48.745770
-249.986252|393.035919
-106.233505|-333.465454
234.577713|26.804462
-260.107025|136.279678
-26.181894|392.307709
494.328735|-147.985840
15.625307|-464.831299
-441.962891|-281.977966
-263.691193|300.245789
-206.930847|11.980412
-434.033264|-433.232361
-180.440063|-48.500446
368.971313|-0.623727
464.434143|401.196594
58.399456|-227.657532
498.615753|488.250214
51.605736|16.568052
456.541382|379.951935
-451.372101|14.197513
480.634918|-170.573792
-347.645599|-76.908691
373.029266|346.773621
-490.441895|-17.308559
-428.898346|-189.060883
-118.437210|457.602753
-36.251953|-259.136932
-473.967621|98.239410
247.593323|-8.755280
50.232376|-203.984451
-469.895966|-450.801239
125.921249|-499.823608
3.018307|271.963531
186.810898|300.836884
9.365117|417.992950
471.760071|297.581970
339.858917|48.187176
-357.941956|306.815765
251.320404|-172.706223
137.478531|11.182288
338.127075|8.349436
273.853027|349.896820
-21.327204|76.287613
-346.682404|-315.567871
-397.107574|326.339020
-450.111145|124.059799
399.013519|-413.914825
382.409790|-250.548172
-286.942932|-246.594559
-254.570709|-425.500885
-58.396328|-14.418402
15.994326|480.116943
248.431473|60.605801
-412.823303|436.659058
-288.522888|325.685028
310.616791|-296.411377
-468.034241|-2.684962
299.600464|-144.969833
-177.580032|-21.481070
452.749420|310.893127
163.019562|113.588348
-199.840393|461.073334
-250.079437|348.254791
-398.890686|-415.960144
-100.337982|10.358745
426.515594|12.542964
-57.339695|-104.365150
49.884769|-313.049957
-383.623230|82.620506
265.888397|-449.375885
-299.762695|-489.273376
369.870178|-149.893234
-199.117386|183.569672
-10.999280|-21.761026
-332.479492|281.812347
-175.606369|77.515884
94.051292|348.770874
273.512482|-400.455048
386.341125|237.331360
-293.099396|299.895752
160.026154|147.845245
-149.962799|-79.742058
-99.071213|139.273575
-299.220367|-400.484039
-264.268188|238.396042
345.805267|140.162201
-118.211052|319.646362
-38.395210|-493.292664
442.618317|100.601463
63.821587|-91.719154
249.481430|421.118011
15.298302|-433.756348
292.026459|321.813049
454.845612|-249.264954
-299.867737|-205.404770
-125.082748|181.394211
-475.952118|202.964188
348.610748|-265.006866
-497.628479|248.302429
232.363129|-420.472137
-17.242973|343.595825
200.127991|92.583351
253.767517|-248.951263
202.114044|399.142944
-78.409035|125.022789
-151.348953|129.573929
-199.875549|-101.822281
249.986053|356.900940
-287.197784|11.704962
-483.553192|148.709259
-257.242950|-224.150314
76.935608|-351.082733
-104.161995|299.597198
-200.843109|-12.717261
157.894379|9.771441
-322.699646|486.709717
186.875168|-179.007309
-310.963409|203.974167
300.005035|95.879578
-149.781830|-117.461128
400.633331|-177.408554
5.318524|437.356171
202.981110|332.694061
350.440460|384.424988
-451.278992|39.269222
-200.158417|40.835098
-457.374939|-12.657330
-23.567484|-215.021408
-210.903610|-351.936340
150.116364|430.681000
-47.965389|198.548172
-307.772186|-419.682617
421.048615|202.171509
-405.493866|415.779053
-85.524635|59.620953
6.847270|84.523552
98.098907|-358.124420
-235.836273|450.066620
-73.334831|-150.560410
-416.244507|-244.381302
289.518188|-351.825562
-400.093719|49.846104
18.704676|302.852173
97.458260|-113.671234
-88.872910|-105.095711
-288.348785|6.708642
-218.731018|131.149811
49.937073|453.653076
-240.962341|-165.113663
449.860382|278.168518
-5.014742|428.179901
178.151978|35.126740
-240.256088|199.407562
198.113342|123.367325
-99.827705|-400.885925
-156.556122|418.311981
-297.609894|-36.055141
128.189056|199.259598
388.197327|-105.358955
-66.781502|-177.417175
-377.419891|49.753132
-362.831085|-428.318085
142.319565|-220.927811
210.648666|21.572847
219.752930|-107.407372
-219.441208|132.002670
-271.947571|227.540237
-158.753326|494.873779
-200.245361|444.179626
286.502045|148.319534
421.360016|-200.221207
121.084846|-148.961227
-274.121368|-121.593124
-349.548920|-466.771759
-49.744308|52.693165
127.543785|374.088806
-170.660431|18.664288
-123.650085|-396.360779
336.255280|29.137545
335.828247|-81.878105
295.731201|-168.877808
350.179565|-131.043304
-118.846909|-99.248474
-50.369606|435.960297
-179.765060|22.286108
499.000000|137.112289
210.256042|379.854462
342.530731|-21.128305
-333.982269|70.789139
-331.091675|-93.286079
-246.106552|29.246616
-100.456863|439.828430
-29.497797|233.646820
68.673958|196.116257
-353.091522|54.826687
-371.947540|-449.606232
200.796738|-451.263580
186.692749|338.907959
-248.485352|224.227310
219.066635|-429.880035
499.000000|-482.814941
-396.071594|-479.622284
347.575623|-449.356720
354.142914|-6.780795
-249.638931|-197.357239
-116.386726|402.174042
185.029083|15.710733
-233.915131|47.733887
175.114944|-136.984482
-280.252441|179.681335
-435.282501|-195.898254
-97.310524|-269.086670
-72.487869|-259.999298
-443.119446|-258.577667
-348.839874|-197.640488
-99.756203|170.672668
133.456818|51.069294
78.515335|-222.541489
15.688157|-147.344284
-145.108093|-147.867630
-172.076309|448.445892
272.687073|-199.685150
-402.476288|-385.909363
106.828163|405.537537
151.105835|-460.777466
-483.793701|-399.588989
-145.276154|-368.159058
-219.848190|-393.303955
-153.253265|-45.222778
-369.962219|-133.171631
425.067535|-160.173355
223.343338|-450.064178
-403.521027|-264.987274
445.443054|132.040405
-31.836826|-49.604439
-462.445953|496.365784
