-347.446960|-122.259689
-24.069868|-150.146912
-199.238281|287.104706
191.907486|-170.136063
-92.866615|-150.024582
83.123772|102.063019
144.463745|-378.059875
-275.082336|-286.648834
-386.045563|423.761078
-449.731750|434.690186
-99.876907|440.883850
-395.481506|447.881653
427.965179|55.777519
-135.885773|13.986805
139.264053|325.868378
444.326538|-44.005211
-401.749481|-450.213928
143.899750|229.665833
95.734741|-230.538254
-231.823929|250.692657
479.507355|-199.715652
-14.118785|-1.356206
-497.462494|95.525421
495.292023|-216.883713
336.487732|458.024200
-149.011154|438.129120
300.532898|180.928955
74.295532|-50.490696
78.065605|-223.112808
103.338074|-480.799377
-148.940536|333.547119
477.492737|193.865173
8.580809|-12.257701
282.472595|-50.054386
140.888382|-383.248291
-235.990753|462.103851
-362.218994|-50.713531
-64.783356|103.424942
188.670013|339.969940
-437.165222|-400.818481
-346.785583|-408.242157
243.071457|374.626190
-300.103729|-464.036469
287.641754|-27.559927
273.864380|-372.370178
72.916954|-78.381424
-23.832598|101.205475
-156.497986|299.600647
-278.778992|-150.429459
183.514954|-485.599121
449.907898|-199.373047
-79.371735|22.772324
362.244446|243.885666
202.077057|50.596451
-251.359711|-300.151642
-80.611748|-364.566559
-269.419891|178.106049
-270.823730|-461.993225
-114.191925|146.945480
-1.943198|483.315216
-8.096855|38.401421
-271.583527|-203.311493
209.713181|141.317642
-276.557922|499.045288
-299.972961|49.458965
-249.778214|394.187958
-113.326637|-334.903290
234.726105|23.856049
-260.274536|136.344147
-26.031715|392.475739
494.724487|-151.868317
15.747911|-461.143280
-447.260315|-287.287109
-265.849182|299.607056
-211.476608|12.086670
-434.190430|-433.209320
-179.873169|-50.698990
366.410065|5.337282
463.525543|400.501129
58.172409|-227.711411
-498.281799|484.088318
52.576389|15.684348
456.602631|379.856506
-458.492188|16.543520
480.855591|-167.988983
-351.327179|-78.023422
373.830719|349.173706
-495.012115|-16.234053
-428.427155|-196.489212
-122.676926|451.425476
-32.256065|-265.445801
-470.244385|99.479546
249.455475|-10.747630
50.114117|-200.774734
-471.176880|-456.844116
129.811935|-498.583313
1.430144|264.913300
183.241730|299.169922
8.503209|418.462463
469.629181|294.924225
338.600311|52.346313
-357.948669|299.315765
248.979050|-172.222916
136.501343|10.810056
339.102173|7.867857
274.235962|349.984802
-16.937147|71.358574
-346.364197|-320.834381
-393.942963|319.566528
-449.961121|125.878105
402.225342|-415.856506
381.249390|-250.730804
-290.870087|-243.872345
-253.914673|-419.409393
-59.750896|-17.241447
18.856115|478.602936
251.986435|57.732334
-416.582703|433.088043
-294.973022|324.191101
314.634766|-302.613617
-475.046234|-0.112494
300.488342|-146.720764
-177.210754|-21.188164
452.290131|306.163055
169.637390|110.264427
-200.131744|460.649536
-252.168762|351.850189
-398.962524|-416.086731
-100.337982|10.358745
419.057678|12.072931
-55.064014|-106.719841
48.463444|-305.711914
-383.793610|82.240089
264.897156|-449.823334
-300.084747|-489.177856
368.420166|-150.185898
-200.219727|183.223083
-11.834894|-22.532127
-327.178131|276.507141
-179.772995|72.383896
93.540123|351.998657
270.780792|-400.598663
379.194214|238.770691
-294.465271|300.266785
159.489914|146.643982
-150.329819|-80.221024
-99.377518|133.927872
-300.254211|-397.186401
-268.887451|236.356934
345.734344|140.344101
-119.730125|312.301910
-32.841610|-488.267578
443.046509|99.460266
63.780640|-91.890556
249.954849|421.000732
15.906260|-433.434998
290.208832|319.376099
447.882935|-246.561188
-300.022736|-204.107880
-125.580627|181.602402
-476.054657|202.895401
345.121399|-258.397064
495.638000|246.774078
234.169724|-418.899445
-16.493292|341.049896
200.254242|92.684280
256.814911|-249.653152
198.692291|394.475250
-78.735817|121.889732
-149.055527|130.398819
-201.319931|-99.394623
249.884995|357.092438
-287.338654|11.131634
-480.042297|150.518036
-256.998199|-224.131592
70.363121|-348.336487
-100.984398|298.921265
-198.855713|-12.296172
157.449295|9.260383
-324.103363|488.115967
190.744370|-185.432205
-310.881409|207.274246
300.385223|96.551544
-150.184464|-114.747719
400.371979|-173.095657
5.631764|437.492737
202.402679|332.645874
347.927521|381.694519
-450.901398|38.981419
-200.565781|37.800610
-452.067291|-15.938251
-29.845886|-218.922607
-214.254776|-355.176086
150.057480|431.100647
-48.970516|200.252609
-308.421814|-419.272461
423.467560|195.099854
-405.194946|416.775269
-85.573418|59.326012
7.915657|83.022842
95.473480|-365.106079
-236.447678|449.787842
-70.391418|-149.822968
-416.439148|-250.131577
284.150177|-349.954010
-400.137878|49.910713
12.768346|298.271729
97.406662|-114.421501
-89.455879|-104.790375
-288.411804|6.212591
-220.151352|130.149582
50.323521|448.941650
-239.215683|-162.446671
446.859406|271.919830
-4.767940|428.324371
177.483429|35.670254
-240.697189|199.559143
202.819092|122.002853
-103.093277|-399.340485
-162.297501|416.800903
-297.708862|-36.116196
131.275391|196.596359
387.374023|-106.741478
-66.770157|-177.774384
-376.967560|50.108376
-360.920746|-426.171936
142.531128|-221.014191
211.497299|21.299227
219.711899|-108.031815
-219.392654|132.175949
-272.070740|226.682907
-153.499481|495.103210
-200.290787|444.693237
285.988892|151.627762
420.262634|-199.097763
120.966232|-148.968323
-277.674774|-123.378082
-352.380676|-469.727936
-49.133533|48.461338
122.958618|368.689148
-171.095474|19.170567
-128.512939|-401.730774
332.137970|28.669140
335.876434|-81.684822
291.548035|-170.018784
349.953857|-130.712952
-123.634346|-102.290764
-55.380085|438.210144
-178.506500|21.254595
-499.000000|131.026581
212.054138|378.735046
340.001709|-18.423679
-335.095978|69.568298
-330.716461|-93.633347
-242.830704|28.988617
-95.187096|434.786987
-29.739143|233.648361
63.714489|196.318649
-348.364960|50.328842
-371.647614|-449.818085
199.977554|-448.960754
186.311447|338.897369
-251.856598|220.075134
216.424850|-431.575073
494.438873|-477.468323
-396.235992|-479.349640
345.617218|-449.752289
357.173065|-2.145661
-250.944366|-197.458405
-121.455948|404.120941
184.948883|15.992121
-232.845764|44.874275
170.828735|-143.087936
-284.718323|174.956848
-435.741516|-203.218369
-93.368279|-264.909424
-69.897446|-253.152359
-448.274078|-258.422424
-350.192261|-194.630905
-99.224487|171.233658
133.616989|50.841644
77.474762|-221.903946
10.610753|-152.817459
-152.022125|-150.344391
-174.797241|450.565308
279.200134|-199.626862
-404.482849|-390.097717
106.939438|406.391235
149.794174|-462.022888
-483.712555|-399.784973
-145.196548|-368.437225
-225.933853|-397.631500
-154.301666|-43.552856
-373.134674|-136.109818
426.059784|-161.983231
225.498657|-450.025177
-397.209656|-266.997925
440.139709|137.343750
-35.443951|-50.700958
-468.172577|-498.480133
