-423.744629|-47.605404
-26.583273|-150.851959
-208.912598|293.114502
302.386261|-68.384857
-188.809113|-132.495865
-27.750053|207.062622
174.871414|-225.163528
-203.834045|-186.814636
-270.707855|388.473083
-449.472046|382.490906
-163.252579|-482.563995
-448.602142|452.198547
392.660736|201.218994
-128.623474|39.856091
226.288528|359.333862
455.157349|-36.351738
-402.031952|-438.875580
152.192474|174.154068
155.005737|-148.823013
-236.829895|300.093811
487.163696|-200.490585
126.083847|50.370735
458.456329|187.497452
498.612122|-184.030060
424.015350|417.210999
-103.676865|426.100983
366.624054|113.359169
102.058449|11.120696
90.408051|-185.923752
113.662834|-465.511292
-197.040115|265.112305
411.653534|263.359741
123.113373|-7.311255
304.211426|-9.218360
88.238319|-254.513885
-246.021179|492.269165
-335.605743|-22.049631
-166.303741|27.542479
105.131294|319.676819
-468.726013|-358.992157
-445.763855|-349.697937
280.244904|371.562073
-255.776855|-443.510132
354.485748|-45.590759
350.372833|-479.511719
54.269989|-56.851460
72.375961|39.172974
-137.187500|284.504089
-312.941589|-187.304672
312.012085|458.255707
458.857788|-193.326736
-65.937241|43.866745
239.306030|230.638580
198.553085|48.929012
-279.587067|-304.317657
-19.835615|-257.450989
-219.633209|165.714218
-302.010071|-449.867859
-183.625687|246.007751
-23.861494|-377.330750
34.835587|-27.944790
-235.237259|-89.972427
234.645737|146.714020
-301.840485|493.046631
-299.524963|107.426949
-174.862869|389.249969
-31.288761|-211.100159
261.256134|163.111496
-253.766998|126.267502
13.692892|399.896759
-497.000000|-108.500000
9.095200|-372.495483
-344.897949|-164.308472
-271.814606|302.199585
-198.229370|49.883434
-452.361938|-403.638062
-154.219482|-33.761040
488.912689|-27.199692
-472.236176|414.561279
60.860817|-235.990845
409.979584|-432.288879
131.322372|95.197983
405.600433|428.473114
-318.851471|14.774401
-481.119965|-177.454666
-350.624420|-9.479720
408.021057|348.268982
478.830841|59.382229
-448.959717|-85.325371
-50.779438|-417.589722
-43.509121|-111.474335
-422.704559|195.772278
313.199371|-5.693554
45.690372|-170.990799
431.976654|-464.184723
89.968407|-453.884827
54.603043|404.724243
102.792549|254.471420
30.015327|442.805389
-454.283600|322.626190
283.657074|13.688669
-292.099731|345.336945
319.822144|-122.247849
138.995178|11.255306
426.141052|33.129620
316.736237|352.177216
-62.184990|142.022888
-438.840851|-215.680740
-474.480499|399.369812
-450.207672|15.701477
476.471802|-350.644440
-493.851837|-237.301636
-237.083023|-278.638397
-235.687820|-482.820740
-52.955128|29.919207
71.635582|-407.526642
290.020660|122.865707
-452.442200|-445.608032
-242.584442|345.341278
224.865128|-170.087296
-352.753082|44.428543
297.688934|-236.231689
-191.263489|-43.494617
466.504089|325.812500
86.170654|176.116852
-211.564545|475.494873
-213.139450|368.036926
-355.534302|-418.987244
-99.938469|11.294607
497.859924|61.883545
-59.553444|-57.766544
86.072617|-440.280182
-323.831818|166.957642
251.472900|-418.925476
-299.737579|-470.353546
401.867371|-139.242752
-194.630615|191.364777
25.974224|5.128211
-405.492218|386.656342
-100.504890|108.125938
127.773834|333.726044
246.038696|-397.521423
425.017822|302.790833
-293.135315|329.320862
172.455261|150.943970
-99.858620|-69.450546
-170.796036|149.997269
-204.409210|-310.336182
-201.866516|337.380890
376.684143|151.384659
-38.177048|429.419403
-95.183861|457.446686
499.567352|81.675430
29.176764|-88.182648
231.152359|415.405182
12.053859|495.755310
414.882996|379.927460
-410.088440|-269.282562
-298.240662|-201.510284
-45.701225|248.947189
-403.253082|175.379822
452.118195|-343.191742
472.290405|272.711548
264.341614|-336.530334
-144.456131|350.878418
174.488098|108.222778
201.250885|-388.142426
199.133728|388.312805
5.256097|214.396820
-167.860886|182.788605
-199.217606|-100.134361
257.821350|288.747833
-201.996628|79.294716
-393.047089|153.564697
-230.943253|-200.295959
179.346024|-275.417236
-53.944672|433.065704
-196.139252|-17.057379
162.225632|19.963118
-348.062042|-494.004944
143.205475|-74.572182
-234.279266|126.782265
352.563019|64.375702
-150.213089|-118.257095
345.493103|-272.736267
7.708105|444.410187
202.192657|305.627350
246.907364|445.703705
-430.240631|52.230274
-239.038849|49.469101
-336.526184|5.652661
-118.031792|-164.559677
-168.310852|-251.729401
81.092918|449.370819
-135.213257|141.459335
-256.162506|-422.414978
398.289215|300.725616
-356.196655|340.013306
-85.612045|59.345112
78.642410|93.538048
35.858879|-229.885086
-289.536072|475.375244
-24.114445|-91.710030
-344.186462|-136.000000
376.086212|-275.610382
-382.753235|49.586376
95.859077|421.389252
155.461700|-57.746418
-68.583977|-103.200912
-286.306610|-0.613834
-304.247406|190.821716
50.374443|444.173431
-192.049835|-151.465988
482.249969|291.272675
-7.790545|426.637756
172.587601|43.533161
-289.492065|249.304260
201.560715|117.721863
-4.818448|-337.920319
-25.283144|368.065277
-299.385773|-38.745300
192.370392|258.162445
400.444031|-64.329773
-114.254189|-147.762634
-333.898102|64.498596
-330.463898|-433.457428
146.634781|-227.692627
234.547882|81.906128
240.395126|-28.610331
-234.859451|222.002075
-397.317139|258.981262
-145.053146|-457.604797
-171.849304|-489.357849
281.943268|207.269150
483.097107|-153.392227
121.622757|-230.366455
-239.947769|-4.588344
-334.038177|-422.738312
-35.406704|93.775696
157.642349|411.676727
-161.599258|17.242723
-32.481174|-328.949005
349.178436|9.726560
289.626495|-98.579559
433.073059|-212.866959
342.780029|-196.414856
-66.620697|-31.513742
-88.454239|487.817596
-149.813263|73.338371
496.348328|229.608276
212.767426|398.252747
365.035095|-87.449661
-341.922211|151.093430
-263.801514|-16.565323
-242.815384|27.464001
-171.145096|439.496063
42.662815|253.803833
151.649582|183.883881
-374.706177|99.994484
-367.430298|-448.335938
177.182877|-485.913666
158.070068|390.152252
-348.979187|220.806549
174.821396|-435.665100
-375.514984|462.441803
-421.733856|-449.638031
371.716644|-395.481812
437.605438|-11.978834
-266.408020|-212.874710
-11.785859|400.664673
192.538818|1.124704
-260.269928|133.707062
178.133484|-33.009342
-265.774506|268.961334
-408.205109|-62.350861
-187.156891|-243.665848
-148.338333|-345.186890
-437.066528|-245.527725
-343.170319|-239.976608
-53.441250|267.416962
180.532669|66.410736
68.403122|-171.358047
107.509613|-46.838017
-54.369640|-124.662865
-126.098297|-483.863647
151.897049|-189.425140
-364.214050|-334.820190
59.066612|312.577484
151.936005|-487.880280
467.498016|-406.304169
-52.949314|-305.739532
-113.875114|-401.078186
-139.542084|-50.265739
-398.212250|-94.694283
406.381622|-151.648193
234.331207|-462.180603
-444.321625|-139.397614
-434.771698|68.380455
-27.598345|-27.268705
-421.321320|-417.305725
