-452.080566|-40.358112
-26.228849|-146.654007
-216.403824|317.571411
317.248444|-69.533066
-209.552841|-119.668335
-51.150009|224.612503
176.261292|-202.367142
-186.558167|-174.251099
-248.470566|370.084076
-458.406860|358.143188
-183.764023|-467.358856
-465.976501|450.980896
389.264740|218.282578
-108.620232|42.518856
252.030014|349.065277
451.935394|-58.813511
-386.033752|-425.494568
145.260223|156.674789
166.377121|-122.116348
-234.258621|322.163483
482.870758|-200.444992
146.747940|66.363121
445.387268|213.665421
-494.804291|-164.443619
442.865295|418.067230
-82.220467|436.866089
390.163239|96.110245
120.413727|32.172459
94.944229|-157.081726
102.265274|-474.909943
-215.878662|243.903381
404.064697|287.183197
149.252441|-16.386909
315.936859|13.836683
97.621132|-250.502060
-269.918701|-490.670807
-315.114960|-19.728867
-176.785721|4.146120
89.119896|298.101257
-488.623627|-352.723938
-463.072113|-326.125763
307.977478|380.860352
-228.431915|-444.482239
373.980560|-65.086281
371.262573|499.289886
54.306023|-27.601620
93.334656|19.049181
-107.937691|284.543457
-317.166290|-208.212463
332.437195|437.328888
473.795929|-180.572617
-66.383011|45.085209
220.324265|245.396011
192.092773|38.670841
-299.087067|-304.317657
-12.807560|-229.058243
-190.383209|165.718613
-316.012756|-450.009338
-189.272141|251.370163
-25.320379|-364.036804
36.014473|-42.436161
-215.340347|-69.090195
244.652130|142.276642
-321.039917|-484.267822
-298.960236|115.925812
-165.344833|384.799957
-12.596894|-195.099396
256.726593|164.315384
-282.329224|130.351349
35.173023|415.936249
-497.000000|-79.250000
-5.345728|-354.688263
-321.606995|-147.191650
-265.666534|322.107941
-216.810562|49.749825
-473.044983|-382.955017
-128.738190|-33.442871
-485.717743|-40.939075
-450.921692|427.661285
71.499229|-262.835754
389.684204|-412.992310
129.728638|122.643692
399.758728|456.366943
-311.774567|19.739866
-477.709290|-176.360001
-350.684906|14.277264
434.011108|348.209991
462.028961|76.405838
-448.482330|-66.264297
-32.621799|-394.743988
-43.411427|-82.225121
-398.278870|205.143372
322.365601|-14.086905
23.326340|-152.754486
405.814117|-477.264221
88.095047|-451.083984
62.563297|429.303680
86.456352|231.231842
40.874035|457.594452
-438.222656|347.054504
256.312500|11.000000
-277.929474|358.999084
346.009674|-109.219650
140.403351|23.322748
453.141998|41.148685
345.078033|351.823273
-75.264214|168.185837
-455.821198|-197.325806
-485.088440|424.014069
-457.289490|-10.435862
488.624237|-350.140839
-464.602051|-237.346344
-237.078537|-307.888397
-209.654968|-496.145233
-37.700096|34.488010
94.998871|-422.640015
315.050476|107.731392
-467.610535|-420.599792
-215.678421|347.319824
206.823074|-147.070694
-327.896027|46.523392
309.145935|-261.561005
-189.972305|-69.617027
466.543457|355.062317
56.920734|176.145309
-211.546112|446.244904
-192.520554|370.917480
-351.370483|-416.209686
-86.214363|24.460306
-475.873413|52.343536
-83.369034|-43.582504
101.552200|-434.130035
-346.585419|182.922546
249.756683|-431.365448
-320.163879|-464.946533
421.365448|-139.243317
-187.107880|217.416504
40.918022|3.163974
-425.909058|407.588196
-81.004921|108.125809
126.000000|313.051727
236.807159|-369.766388
428.125580|330.751129
-277.467529|339.563690
181.052917|149.850891
-80.536308|-57.256302
-196.556839|141.419540
-183.830658|-289.551208
-190.084366|351.066315
394.482117|174.588303
-21.415121|448.453369
-100.192642|433.642426
-495.461823|108.889519
8.540174|-107.283470
231.216110|432.330811
11.947673|466.506378
440.602081|371.612152
-390.467163|-279.026184
-297.981384|-207.772110
-25.382111|268.262421
-392.753479|185.068527
470.247528|-365.343964
445.422180|283.103973
271.528625|-308.177795
-169.336075|358.564789
168.899506|125.773186
191.533051|-410.248444
179.637299|368.814209
9.702894|229.854584
-169.337265|183.209351
-193.214615|-95.505974
248.300919|261.099091
-182.493240|100.473305
-370.804199|138.010910
-212.367676|-205.514420
197.457565|-255.754501
-60.830750|458.724030
-220.102081|-21.130625
160.078659|8.482217
-348.816406|-484.924255
142.272476|-47.441017
-211.047302|109.792908
375.716644|47.010845
-154.600113|-106.960114
324.764069|-276.575134
11.040293|445.605957
177.053635|293.224121
219.776077|452.182465
-429.653748|23.602089
-260.873047|60.268593
-331.754974|19.913946
-142.666168|-168.130447
-166.621597|-226.479279
81.876312|446.136902
-156.611847|121.575424
-229.482101|-419.033600
382.118378|316.609741
-335.279449|319.577728
-83.882561|60.788616
104.804733|106.618515
15.221071|-209.157593
-317.572632|467.750641
0.750129|-76.437431
-324.686462|-116.500000
393.684174|-252.246613
-376.848053|49.303795
95.595932|443.328369
169.185928|-60.777477
-84.450615|-93.224380
-285.632721|-9.769027
-324.142365|194.950607
52.930355|463.712982
-176.678436|-126.860153
-491.099518|279.600098
-15.186443|423.421967
152.354782|40.070065
-296.778870|277.628937
200.517044|114.923317
11.388154|-317.313324
-2.304438|349.971985
-303.987183|-44.231052
207.416092|283.246155
398.460297|-57.147137
-134.897247|-127.040535
-319.178436|89.764984
-313.226227|-431.858032
150.425735|-243.474197
235.201447|105.677948
223.083389|-5.040515
-242.406677|248.298721
-426.566925|258.931030
-134.363022|-430.380676
-164.750031|-461.421143
265.794922|231.656631
484.981293|-162.261734
117.724861|-250.431366
-236.458801|-4.297243
-320.944092|-401.007080
-29.632624|122.450050
186.029007|418.730225
-158.506104|-5.426864
-12.670554|-316.870728
346.696136|2.185949
291.858612|-97.947021
460.384796|-223.300705
325.418823|-219.950821
-77.756866|-14.204163
-110.952034|-493.928711
-132.372223|96.818199
-482.112488|250.400818
211.947098|421.683289
360.009338|-102.173111
-362.578064|169.557816
-264.299133|7.085983
-240.845184|26.553782
-194.566925|421.975311
71.911316|253.677887
170.644089|179.516052
-403.539246|101.915726
-342.528625|-445.335449
154.941360|495.081238
134.605301|406.947815
-360.763824|201.030685
148.656433|-448.740479
-348.213470|451.976105
-435.444366|-443.123322
372.032745|-366.240051
464.679504|-11.131177
-280.447662|-227.780365
11.416314|383.076050
196.399551|-15.354036
-284.433838|149.881378
174.718033|-10.933033
-243.135941|281.843811
-416.044983|-50.123260
-209.450760|-227.525070
-171.818192|-362.627838
-433.495453|-241.657562
-341.879303|-265.404480
-53.439262|296.666962
205.678101|68.745560
51.437027|-147.960159
132.425827|-33.685234
-26.253166|-121.100098
-124.989365|-465.961884
151.022797|-201.305405
-335.473602|-329.426819
39.135155|292.077332
125.421028|-492.003540
438.248291|-406.246307
-24.677336|-301.178009
-89.898911|-416.912323
-117.197021|-48.938404
-422.469177|-78.352356
386.682251|-160.802307
258.736877|-478.300232
-457.599274|-113.338806
-409.636688|81.139900
-0.972727|-17.042891
-418.201172|-416.017700
