-435.386230|-44.694729
-26.583309|-150.851318
-212.540207|301.558716
305.646088|-74.985641
-196.379211|-126.398239
-37.350044|214.262573
179.086563|-214.012787
-198.775162|-186.429214
-261.895020|380.523926
-448.506592|370.551971
-172.859909|-475.582092
-456.602142|452.198547
393.386139|201.532455
-119.988136|40.360153
238.072830|359.071899
461.494843|-44.547245
-402.292847|-430.442871
153.789780|166.433426
160.890900|-138.470596
-242.984695|310.371185
486.955383|-199.782425
134.538437|54.177444
453.089630|198.230606
-497.885834|-174.832809
431.575348|421.835449
-92.315102|428.657104
376.644501|106.824509
108.992851|20.893732
92.264313|-174.079376
106.018456|-467.965057
-205.986130|257.275452
403.536896|272.010254
134.878708|-9.474171
310.391571|0.426838
85.266930|-249.520508
-255.928421|498.550232
-329.176208|-19.119970
-174.543930|19.112370
101.269508|309.398041
-476.430573|-355.185883
-452.963043|-340.097382
291.629181|375.356995
-245.170853|-442.288086
362.485748|-53.590759
358.858978|-487.996124
54.269993|-44.851460
81.920166|31.899799
-125.187508|284.504089
-321.120880|-196.064758
320.496307|449.769348
464.276062|-188.496033
-64.120903|42.671631
227.952637|234.096802
195.205475|51.709717
-287.587067|-304.317657
-16.925297|-245.809250
-207.633209|165.714218
-300.194946|-452.307098
-186.314240|245.837494
-32.056107|-368.573212
37.390026|-31.369261
-226.006424|-82.316658
240.941101|141.772354
-309.789764|-497.237946
-298.985291|111.198967
-168.978531|387.002808
-25.005390|-201.094986
257.837524|164.346375
-265.766998|126.269325
22.973375|403.740662
-497.000000|-96.500000
6.096151|-360.904938
-335.423248|-157.026627
-267.096619|308.647675
-203.451324|49.952789
-460.847290|-395.152710
-142.665787|-31.099609
497.645905|-35.161106
-463.388916|418.910797
63.850651|-247.612061
403.602203|-422.174133
132.887268|106.805115
402.961853|440.056458
-314.508209|15.617995
-489.437134|-176.623627
-349.692047|1.311385
419.708588|349.939270
470.584320|67.003036
-449.423431|-75.139603
-43.631893|-408.017578
-43.508820|-99.474335
-412.293701|200.022720
318.229797|-6.266768
36.707428|-163.068649
421.243744|-469.551422
89.325340|-451.135315
61.208668|414.742218
97.191772|243.862854
40.444019|442.390106
-447.920197|332.790649
273.562500|11.000000
-285.301178|353.756042
330.555054|-116.881271
138.933212|11.655457
438.062744|34.450932
328.450745|350.112335
-67.551567|152.756042
-447.322357|-209.935822
-475.846710|410.240540
-449.776611|4.985548
483.798248|-349.516052
-481.851837|-237.301636
-237.083023|-290.638397
-224.954956|-488.187866
-52.276554|27.057262
83.193596|-410.473083
300.277496|116.637665
-458.616669|-435.318420
-231.240891|348.314911
217.370010|-160.715866
-341.431000|47.535336
299.953430|-247.746231
-188.513596|-53.017948
466.504089|337.812500
74.170654|176.116867
-211.564545|463.494873
-206.606140|365.370178
-355.349060|-421.288574
-96.331100|15.254667
-491.226837|56.287319
-69.971771|-54.172081
93.464272|-433.150360
-334.822479|170.872971
249.757248|-419.867371
-309.133484|-471.735779
409.867371|-139.242752
-187.234665|200.167999
27.998764|7.658571
-413.977081|395.142090
-92.504890|108.125938
126.446449|324.808472
242.244019|-386.137146
426.780823|313.670685
-289.695557|336.515930
172.111710|149.465607
-89.404663|-68.830307
-182.506714|150.324417
-195.924591|-301.850281
-200.895309|344.601471
383.884918|160.984039
-34.282452|440.718323
-100.054909|450.674896
-499.554535|92.867088
19.388336|-94.348625
238.024307|425.018036
12.053709|483.755310
426.589233|378.929291
-404.104431|-268.497772
-296.465179|-198.570511
-37.637688|256.123596
-402.960632|184.565735
458.777069|-353.174713
461.376282|277.173309
267.252289|-324.888733
-156.456131|350.889130
168.915161|117.089264
200.747116|-396.112915
191.133728|380.312805
1.151039|221.179077
-171.987823|187.966492
-195.602936|-99.518890
254.026459|277.363556
-192.786499|86.961655
-382.304199|149.510925
-222.943253|-200.295959
184.413406|-264.580841
-56.671757|444.724976
-203.635895|-16.031332
161.617218|17.778090
-349.029144|-488.708405
144.524384|-63.734802
-224.688690|120.182426
362.548401|57.720360
-150.295578|-116.509850
337.867004|-281.983856
13.428309|447.490082
193.265717|298.848083
236.039719|449.823730
-429.698425|40.851845
-250.746613|48.181511
-332.621033|7.816379
-127.234039|-160.422592
-166.954391|-241.673767
72.810150|451.248566
-143.709320|132.984863
-245.846054|-424.491272
392.864441|303.115967
-347.710358|331.529053
-85.616035|59.560276
89.375565|98.904625
27.373787|-221.399612
-301.202820|473.190613
-13.928836|-85.368416
-336.186462|-128.000000
383.286438|-266.010437
-377.260071|49.322117
104.339554|429.724091
160.192764|-56.561661
-70.130890|-101.403534
-284.445374|-6.296138
-310.809967|185.037415
49.974308|447.952057
-185.432770|-141.625641
492.906830|286.454590
-10.416143|425.362305
168.453583|41.095409
-292.402863|260.945862
200.635040|116.782211
1.336010|-331.269104
-15.911955|360.569946
-299.317169|-37.392117
198.544220|268.452484
398.867798|-59.419865
-122.739418|-139.277283
-327.725616|74.789383
-318.892334|-431.851898
150.712021|-235.291061
230.797256|89.003098
233.195847|-19.009785
-240.246765|232.598495
-409.317139|258.981232
-140.597122|-446.462860
-167.448029|-478.194366
275.287018|217.253784
489.665192|-148.995392
124.727699|-241.304565
-238.176270|-4.652894
-328.661224|-412.010406
-33.053192|105.542648
169.284042|414.587097
-164.513229|10.402955
-20.781034|-330.030701
350.412781|6.373801
295.561340|-92.191216
444.215393|-217.322052
335.580688|-206.015289
-73.188477|-23.424675
-98.721527|493.166595
-142.613602|82.938622
-494.195862|238.093628
218.121521|407.632172
368.311340|-90.167625
-348.134827|160.536957
-260.208038|-5.315072
-247.608200|33.301231
-180.745209|432.296112
54.662815|253.803665
159.666733|183.817581
-386.613007|99.994743
-356.155334|-445.556885
167.124161|-492.105438
148.334534|396.505402
-359.602539|215.231567
164.088242|-441.031799
-364.372681|457.986572
-429.936157|-448.587708
371.717590|-383.481812
447.681854|-11.387320
-271.774963|-223.607681
-2.446059|393.302948
194.086044|-3.986145
-269.872925|140.903015
175.027939|-21.524237
-257.540863|277.171967
-410.971069|-53.112789
-197.890045|-238.299316
-157.938583|-352.386536
-435.959381|-241.874298
-336.460144|-249.076904
-53.441250|279.416962
190.519379|65.504356
60.066826|-162.791016
117.121368|-39.653736
-42.866776|-121.784607
-126.067360|-471.863708
150.547073|-193.159500
-352.446838|-332.467926
52.980480|302.366028
142.561996|-491.651062
455.498016|-406.304108
-41.149986|-303.711487
-103.968674|-407.761169
-127.835983|-49.797691
-408.196625|-88.037788
402.108704|-153.083450
244.315857|-468.836853
-449.688629|-128.664703
-424.120605|72.860062
-16.865219|-21.902142
-417.922607|-422.359009
