-122.652504|-33.683109
-269.665985|-413.453369
-157.012909|57.394417
-406.749847|-187.232208
-50.653439|485.384705
485.268433|240.762329
271.646912|159.649078
-33.078194|474.908234
67.539574|-479.364319
486.972107|-37.147293
19.106377|-376.793427
319.471527|-282.117310
-144.723114|-287.047974
-270.227295|-311.226440
276.339600|-495.725525
-418.605865|331.428741
437.603149|208.735718
-392.033539|160.134186
331.401459|-391.741425
-50.761860|-396.455933
83.645424|-496.162445
325.368896|-24.106361
179.225403|-344.105103
-209.834290|-429.883698
440.973236|-128.460052
202.881836|-310.405701
269.597717|121.503052
-340.997223|-144.376846
4.997928|101.970337
481.212311|-135.927200
-134.983643|47.757912
-219.273697|-448.476959
-172.505051|204.815536
43.905094|-384.858368
381.839355|171.153366
-36.918427|223.156219
194.572266|-253.263580
178.772247|-203.861298
-55.813469|10.696425
-167.657349|-249.087784
-452.856720|363.643036
43.233299|268.298828
-272.873352|146.325272
94.428757|-407.638702
320.008362|489.167938
-409.607056|351.758209
172.827469|-146.863129
272.034210|7.716337
136.612946|-65.226593
364.456146|300.117096
-74.241974|-339.067780
326.664001|-98.804253
337.712158|-60.548489
-336.526733|77.010689
53.025127|-156.295441
102.851784|396.366547
364.796265|-56.745514
-135.178543|370.952911
362.001038|-372.896729
340.986542|368.799316
-293.487030|-453.911652
125.679825|131.719543
210.034714|-176.966644
-478.042603|450.321655
-359.274780|-205.476288
-26.921108|-183.771851
287.436371|-84.727348
-21.566433|-292.146942
349.296753|314.641968
-83.160530|261.555054
428.894440|-437.591339
-499.662689|431.033325
494.622131|-116.240494
384.820251|-62.261871
-99.674202|-458.866882
156.565491|271.931641
212.808640|-156.012299
143.888580|383.624359
63.720081|273.130432
134.274734|-320.034393
-180.333298|-24.081968
-429.818665|348.627899
-401.204559|6.825754
-230.492081|-431.189178
233.613693|-413.613159
374.032654|-389.241882
-5.602342|-361.348724
94.646454|-316.432648
476.856781|-107.065147
-470.489410|336.609863
159.823380|-411.581390
-258.530975|-282.825317
422.161652|-471.531097
105.779419|-261.293762
487.596741|-77.134369
291.856934|476.002441
56.282745|79.371452
260.372040|384.306549
-9.887842|-398.991913
33.203827|43.811535
61.287174|-373.699158
100.728775|-474.353760
-216.058060|151.757828
-350.932373|-166.833115
-33.610252|-203.137878
-441.123718|285.626709
230.727783|322.171692
191.030609|-393.921356
-56.636139|-301.586792
-299.430145|104.922897
-112.683792|318.450073
180.084335|-413.483978
404.790253|56.567200
261.785828|-379.699921
55.741356|292.909576
-469.750732|430.836548
-122.163780|490.644989
25.826622|63.266838
136.088486|271.805878
-35.207073|-450.448151
-56.250580|-451.520264
-417.150757|-318.999756
-100.042900|-144.262878
-229.902084|137.270721
415.486755|226.018539
126.850098|-492.008423
-139.015045|67.662498
-202.862610|-136.630539
-301.839172|-493.591797
-101.384094|301.033081
374.294556|-125.323685
379.698914|47.652767
-286.094055|-401.398560
-247.952087|178.070587
-156.599518|104.739998
-456.066742|-227.678268
-69.042404|245.863281
-226.430084|-147.663223
327.920471|-77.766655
494.873993|-96.736809
-460.309204|-331.031433
-19.698627|111.717125
-170.467178|461.698608
368.882324|-352.822113
384.458954|16.161053
-258.716736|160.395844
190.683945|-326.031769
427.546509|-272.140076
48.763317|-176.944473
460.820618|-136.822678
-357.480835|-383.151215
120.981941|-336.386078
-171.075089|-229.015884
409.054077|484.990356
42.925411|-349.545929
-125.778206|104.839890
248.236572|-56.836212
321.155273|-373.409119
351.628845|-390.805908
-280.698853|92.847183
239.981949|-171.198807
-79.091980|-370.419800
181.160538|188.631989
-125.366524|-280.677521
-156.449844|77.807098
26.305483|439.993103
-190.551086|-435.703522
-488.297150|-121.933601
-1.047602|-380.883240
-139.974792|335.194366
-493.632813|497.058777
499.107666|-386.411713
294.514465|-461.373352
390.144623|-3.326907
183.759186|246.775940
-1.161541|-289.382599
13.610651|32.268951
-478.407227|93.000679
-403.444427|142.601242
-41.431679|-287.797668
15.829209|421.647705
-35.196693|421.392242
-92.260849|319.401093
-238.562866|157.933151
-144.835541|-241.195450
-30.238951|-396.848206
-288.615936|-434.278351
243.158356|-77.355446
-108.913338|-4.750879
347.244415|-99.499916
-54.330074|-53.836338
-395.443054|-316.533844
-250.514099|140.850525
-498.936737|452.559448
-54.275669|208.810745
493.342133|466.945923
-1.570742|121.696365
-329.332062|96.156990
145.774277|498.555847
-95.981285|-58.109554
-420.399200|160.110138
494.123505|-482.600769
-431.345612|60.751904
-474.871094|-3.608658
-475.520691|-49.186813
-499.000000|-135.599869
-56.464157|229.019943
465.644226|-405.735626
397.988037|-209.363785
-72.566383|-395.842041
-371.426727|-331.414307
38.172070|304.047485
150.886185|-482.713104
401.078400|363.779510
-144.456665|389.330292
-249.556137|-439.674652
-101.727112|79.159660
22.824047|-354.353821
-357.208038|76.510521
1.561163|-343.030640
13.804149|11.874035
235.564911|272.203308
-373.360657|47.027157
413.629517|-489.589294
82.310486|-372.788116
-272.226807|-446.900177
498.540985|480.485870
-211.085022|397.247162
-88.767494|-7.701675
-345.998840|-334.328186
283.925049|184.595184
-151.738693|294.954285
361.272522|-23.753099
264.507935|178.172684
-60.156235|-378.965118
-105.295685|-124.487732
445.659332|109.619896
-198.415909|-45.034065
-457.473907|402.916779
402.312378|170.508942
94.284355|-278.825439
-131.549896|309.343567
-297.951904|125.220688
-389.287933|351.389648
196.001999|-216.069733
381.861267|-368.507111
-140.896255|91.089241
458.539490|-115.941048
436.880768|492.163086
-155.115921|321.458923
46.204033|-249.819183
-9.521436|-420.795502
-268.608887|178.424606
177.357956|-224.998459
307.959839|-83.005440
-52.628452|-423.274719
-158.025177|-213.460968
-450.076996|343.467163
-279.100800|-261.625732
-393.808411|-96.658562
-122.397163|77.837860
104.664040|-382.847717
395.636444|-79.897835
120.184074|225.607285
-266.446991|126.411903
170.662491|391.494781
-103.640327|262.304199
285.479584|135.462631
80.569748|-214.156509
357.440643|46.219685
-116.530655|-53.123581
-236.115158|258.971558
27.945837|-334.977386
483.102722|-464.940399
-329.987793|-346.928345
-254.640900|346.023773
-309.162933|-437.972961
361.356689|155.798050
-119.996826|-461.039429
-201.695328|295.381927
305.798615|-103.267143
100.346481|474.987823
75.543343|120.003822
-20.167877|24.336466
-356.556000|96.579910
400.646942|191.320679
-21.915825|-378.315613
-93.879555|244.176163
341.411987|-373.011353
-190.343628|-238.688019
-495.938293|201.231628
133.406830|401.788849
-171.404587|225.347565
-482.294769|472.135223
438.569611|-68.446320
-349.142365|-59.709278
275.771088|27.986904
249.470825|-317.991455
-5.554634|295.036316
-164.716583|339.431274
