-421.978271|-44.416855
-33.856800|-164.261185
495.629944|6.173933
-137.198166|75.989014
-43.722797|233.300995
284.441345|68.850899
-498.037476|372.107269
149.949234|194.549484
26.139229|173.558136
249.766266|216.519119
305.751160|-226.014557
171.759857|-81.057053
-181.124405|-496.691132
84.175285|-407.712799
-85.373840|440.150696
-198.733521|69.298553
77.662720|324.825226
439.784271|438.478210
273.342407|442.044220
37.746628|-388.457947
128.703781|-183.003296
-468.378937|-124.378616
-46.822964|-363.341980
-188.284027|281.250549
262.165833|-285.564514
-499.699615|-111.950905
179.728592|-100.612328
-45.334373|72.871361
303.479523|-124.302620
-318.586761|132.364929
-466.872467|-62.430588
-38.412933|253.659622
-90.049599|-159.367996
126.284744|430.954803
73.320084|284.922577
90.183975|455.892639
41.428928|55.937492
-36.321049|99.451378
89.179428|271.060028
3.592383|-191.458923
463.619110|-343.341400
-266.962524|144.641953
-106.928879|361.498169
319.942139|-112.332581
499.000000|231.250885
-440.790314|244.556168
342.360382|154.995972
102.465485|-282.326874
245.786835|296.483948
-341.739960|464.343811
-63.344032|15.756098
269.739655|-325.267975
47.199249|35.664291
-316.772644|-165.208954
-28.156769|210.102768
273.099304|-268.638489
317.472717|293.402191
44.967205|165.806442
-311.994202|-380.177032
1.485773|-473.902435
-442.162506|-337.025269
-162.752853|-15.407461
386.373657|489.303162
-210.755051|354.207153
356.112335|-404.608826
235.906067|-239.180405
15.660072|-271.302917
101.278671|11.109980
-354.761292|484.773346
-17.821711|-395.356323
-341.824463|-162.650681
-249.325653|365.480652
-239.631485|23.283127
-399.545685|47.524300
-49.251358|208.373123
-22.576334|-418.068909
404.735016|-469.052094
-494.033783|271.513916
53.868801|13.449753
406.575928|-108.259903
69.002754|211.394135
-319.330444|-408.809265
-62.057041|60.928551
-336.976501|292.368713
385.076324|248.918640
-324.339600|-458.717377
-147.772614|-41.913780
326.010437|-66.427277
-409.484589|171.453842
340.913788|20.477369
53.408054|-171.629761
406.167236|-448.012207
120.613480|-460.149414
406.891418|-200.648544
262.676849|132.226837
444.771057|139.444290
165.139252|399.505005
219.812408|-355.751038
120.365570|455.162872
-189.060898|188.960480
25.402771|-498.729584
354.792023|-226.822769
77.913116|357.615387
-217.431244|135.874725
117.904099|-479.901001
-442.431976|19.835308
464.824188|-385.711578
-492.757324|-251.980087
-291.077911|-24.623343
-474.062134|74.093849
17.666143|-394.551941
-460.200287|-292.070618
134.317612|-88.204559
-423.486603|-457.489410
320.726318|124.211334
-162.769409|-488.555481
28.501999|153.422440
-233.199768|231.703094
-62.491783|-430.148956
326.645355|425.452087
167.994476|307.435791
385.536102|9.689583
67.694519|-156.704025
40.408695|280.551239
107.566612|438.907593
-120.089249|-427.128265
-424.968567|155.185989
-275.956329|227.224915
479.320526|362.519104
18.282448|316.377228
164.798767|-259.537079
285.466583|417.708740
-455.107025|-167.629242
-7.743745|431.700256
-288.987457|414.193085
-91.770264|-106.248573
43.329967|-487.264221
-249.127365|155.222046
-404.837250|-257.112061
-332.293365|154.839081
-180.397278|-104.168648
-23.047426|-181.592621
-357.215637|-213.722656
-428.365814|-220.625977
378.321442|147.397461
-19.668064|409.376892
-64.574051|437.064667
496.453186|80.929153
-87.281670|161.361282
423.992340|-427.806946
493.286316|476.864105
344.514618|-424.254364
-252.323364|38.773277
-251.002838|-425.650909
236.530243|-131.138550
-370.031250|368.046875
430.104736|160.903229
244.099670|-170.536484
-452.352600|408.455078
-337.601166|-182.784210
158.900864|59.541420
-345.598480|-256.740082
-70.684258|-68.687744
136.037048|-396.013397
-444.729370|149.994751
338.863403|-391.066071
0.677840|329.511749
-230.002869|-18.684887
279.438324|-406.321686
-339.117035|-473.323608
238.974167|-393.607513
233.525208|-479.191254
-39.966454|431.513916
-341.438995|-24.918751
-79.943970|-487.934052
274.602234|-382.630859
262.803955|-157.835556
295.006317|87.296486
365.695313|340.037811
-251.000381|-13.367417
130.514038|203.027176
-322.644531|238.304672
145.440338|-434.901733
45.120419|376.048706
6.616844|15.024336
-151.514801|460.154236
-230.763184|-145.603806
431.477295|-329.343811
143.692413|134.241180
-424.361969|-326.044952
290.201599|-98.774002
342.432983|453.963287
36.028172|305.988373
-419.808655|-365.233276
169.543945|98.455688
-174.561844|-471.489166
249.830811|247.486542
-23.964472|230.544220
-0.795618|497.750122
255.086182|89.820503
283.139740|2.201261
394.591400|285.494110
287.095367|-43.980434
466.708282|272.745972
306.888367|-1.628034
-239.606216|-245.481461
195.617630|458.230011
-344.999756|381.561646
195.882248|-499.000000
-398.211456|-491.929840
-99.895882|396.106476
-80.130890|53.192474
-39.861160|-213.464279
174.870560|-379.666321
-47.812286|-270.607513
498.579498|354.073822
233.842590|186.203430
-227.294464|-459.613831
-434.261780|-163.903061
153.458923|-6.407614
260.699371|-188.273941
-30.491972|323.137756
404.626160|-220.970459
181.351242|-425.344238
-54.449501|-168.561386
-170.347290|-189.491455
374.781219|280.619965
426.476715|484.265167
267.472626|106.991508
-246.858551|-38.201443
-435.490845|300.809143
95.924568|405.076416
417.843872|246.708008
14.530167|370.475616
-276.437286|-264.932922
-11.353494|246.481171
-323.555511|60.962795
-403.884949|-282.121307
315.273163|104.661568
-375.193604|-33.408939
437.796234|-277.178986
-332.773468|-438.656433
-445.959320|358.148224
-83.144936|254.248093
-17.797937|89.418579
-319.892578|-478.577393
-467.529266|154.529144
258.602692|-368.999878
187.633759|-344.440491
-460.521667|241.305923
230.485336|431.604126
-296.270264|-269.183380
499.411530|395.308441
-38.762455|49.090538
300.772583|-28.301540
284.058167|464.077454
32.443100|-47.622292
-339.763824|-400.592743
44.440464|-407.690918
-88.195671|-310.068817
-145.836411|331.596252
365.029358|-157.914764
-300.210999|-289.356689
-127.878090|-29.969830
-322.772644|-40.209137
341.919373|-276.374329
-53.747318|-450.779236
302.360382|-170.995972
-149.687164|-342.570953
-450.430695|-216.996094
-333.395538|-234.738892
-68.627663|267.990692
87.318611|33.508099
-182.046600|-330.578125
-69.631065|-317.477112
-132.145187|-290.390015
-478.407227|-202.806473
-329.051880|88.604683
-79.286217|222.270676
-361.835175|464.719666
211.980453|-314.382355
-94.625153|-331.422821
196.472000|-191.983475
-150.179596|-198.864059
-163.541794|295.003296
-269.900787|185.353561
163.925339|-131.008057
67.507774|30.681038
-344.711304|-420.697571
-270.154877|-27.079937
-425.434967|-437.220764
365.446625|-426.852173
-400.070709|335.534088
-312.909973|-442.191315
305.536926|137.034729
399.410736|192.945831
-453.607513|281.025757
389.956787|-96.247589
307.015320|271.349670
-407.466156|-473.888214
