-144.981903|-102.018967
-241.428146|-364.093567
-225.916962|72.433144
-355.837738|-136.320099
-10.610523|425.623840
453.068237|176.363403
323.820831|204.439423
6.857965|414.999023
48.943481|454.761810
438.955414|10.794491
43.060165|-323.424500
274.492035|-225.894455
-120.895546|-317.910706
-199.624771|-325.347534
206.489990|485.972626
-362.454895|311.696289
369.297485|231.503784
-428.263855|212.711487
393.366272|-408.108093
-21.995667|-359.673889
92.037994|-428.782532
368.866669|-28.227491
131.510910|-370.065002
-149.257782|-466.025848
405.755737|-170.759293
257.038940|-271.524078
229.661041|61.594154
-284.773590|-99.398811
62.601315|58.774841
-476.560608|-92.561501
-203.636047|64.069145
-178.119141|-484.377411
-155.698898|138.241638
0.300586|-431.393280
369.311188|186.260696
-25.802248|290.382263
157.529297|-191.524811
135.572678|-146.260742
-21.986019|60.865490
-129.023209|-203.784256
-473.601410|413.874512
-23.771442|246.764221
-230.900314|195.728180
138.202057|-350.586243
363.186768|431.550659
-342.994293|328.530670
205.026199|-82.464203
252.151230|-34.905201
154.075348|4.623718
432.739624|322.950500
-74.105553|-276.014740
335.595215|-128.084915
275.510712|-37.673649
-282.192719|111.614677
35.556873|-86.446587
135.051086|460.764008
363.552704|6.481349
-80.073166|353.167969
428.416260|-400.138977
276.589081|400.999512
-263.180908|-393.361603
77.322380|126.136818
242.686646|-239.766937
-440.690582|469.813416
-419.181030|-245.415253
-12.979352|-252.882339
249.585556|-132.023209
-33.640118|-239.528061
417.559174|337.526550
-73.233238|329.374695
479.907959|-386.785278
-460.490295|462.719482
-462.417419|-73.867966
383.124634|0.874011
-150.046234|496.099548
113.447113|329.582611
245.167480|-218.742630
212.216400|360.924377
8.123808|245.373322
194.183838|-280.097443
-132.333298|23.918030
-435.775909|398.288025
-330.602020|20.946115
-255.723404|-477.752197
247.501160|-476.192566
440.891998|-415.959534
-25.758671|-307.245453
142.646454|-268.432648
-489.513306|-47.628933
496.602203|272.212402
228.014511|-389.050964
-322.984772|-314.203278
367.756714|-484.780396
174.091812|-238.546799
430.501709|-35.556812
324.057129|411.604980
78.592529|146.036789
305.351532|440.530182
-1.789996|-355.774567
17.788425|23.731110
48.187149|-382.776154
148.233978|-428.714386
-177.126312|201.712509
-328.934082|-99.839188
-16.166508|-272.992889
-473.323914|221.228455
275.706451|378.395325
259.336273|-371.151825
-100.637062|-248.940964
-321.978058|173.224915
-69.512398|370.628357
248.385864|-390.704559
356.079285|72.994034
328.635437|-406.439178
57.640755|265.687683
-422.024475|462.782837
-99.395714|422.339325
-33.764801|77.505875
92.922684|329.431610
33.096813|-473.220856
12.042727|-474.288361
-453.082153|-257.846741
-82.857079|-74.397118
-184.612427|182.099899
355.580505|265.957153
74.430252|-456.942169
-208.554153|83.965576
-223.003967|-69.675797
-361.745422|465.484833
-60.541653|349.450653
309.896545|-157.521744
361.143341|115.026962
-309.313202|-363.445190
-202.254837|226.813736
-168.662094|154.814529
-387.761078|-204.910202
-63.422684|311.016479
-210.782593|-86.896339
355.700043|-126.227798
-465.697815|-53.980717
-431.308075|-278.630737
-34.844589|45.510052
-196.673401|-477.300293
435.181091|-380.406921
409.589508|36.482723
-217.224457|210.966476
149.552582|-380.965424
445.010376|-202.290466
31.168854|-107.163429
465.070038|-182.680511
-421.878296|-415.351410
180.860901|-296.474670
-142.489914|-173.322220
447.767365|-489.690430
43.408005|-303.437225
-182.765182|138.638596
291.453278|-11.554424
376.040283|-391.164948
412.580872|-413.729156
-298.162720|22.996845
218.587967|-119.223862
-139.381195|-359.744873
133.160538|140.631989
-102.850639|-307.083435
-226.828262|92.846008
82.839325|474.871094
-131.766052|-475.899689
-446.081665|-86.076096
43.021080|-363.289795
-193.407883|382.092682
451.472504|496.062744
454.214508|-435.180450
226.458557|-483.583679
449.941986|-7.154634
132.847076|297.688049
5.775844|-296.927002
60.569664|-8.718823
465.831329|54.231373
-439.628723|195.750610
-53.929398|-237.207184
69.557060|457.324371
-89.326187|376.085968
-48.976711|366.645081
-197.433517|206.610336
-122.022362|-174.390839
-17.077469|-379.382538
-260.264984|-373.617706
284.001404|-62.684814
-41.060993|12.924036
381.274780|-147.442627
16.271736|-39.715977
-450.111877|-347.159668
-211.464615|190.633118
-478.607880|473.207001
-38.729877|274.464722
-455.066956|484.769714
50.830261|76.161713
-275.296265|130.922623
92.926407|-469.371521
-30.242168|-29.535753
-477.999786|116.910423
470.049652|470.491913
-488.946198|17.551868
484.700867|56.426178
491.304810|15.211981
-458.778107|-102.838074
-48.145866|296.373871
474.890717|-437.621155
358.050537|-269.271179
-133.206055|-379.650665
-320.514618|-382.326416
-7.045372|258.974548
93.519791|-449.745300
350.166992|414.692230
-120.776276|455.597443
-275.735138|-482.039093
-34.889248|105.930817
19.316816|-339.547607
-302.746613|110.152931
32.209957|-286.533844
65.596863|-28.482819
171.165985|304.403503
-424.272766|-3.884561
382.590820|-499.531891
38.942822|-343.488007
-244.446091|-386.630035
450.216339|475.648712
-280.934631|414.711029
-21.593615|7.772139
-292.826721|-333.331360
293.149445|211.156128
-84.562737|277.473480
388.255798|29.753448
219.804520|230.234467
-116.299171|-367.616241
-87.829056|-54.638451
499.672729|70.493851
-244.580383|-92.152878
-496.299927|348.010590
462.937225|135.185654
162.573303|-256.091614
-164.250397|360.879822
-320.724854|193.524460
-322.553345|328.462402
152.855438|-158.437164
448.089294|-396.123016
-211.113693|106.635971
439.007690|-170.717285
387.951050|-479.658508
-214.102753|353.862915
86.142265|-309.725586
-39.704136|-371.111176
-314.430237|224.906784
134.369263|-167.477173
270.065887|-130.768707
15.838309|-444.559875
-126.243790|-149.389908
-455.751099|402.909363
-218.217407|-297.185638
-335.876709|-121.652481
-54.942837|100.918198
155.962906|-361.311584
450.399506|-117.653534
102.721642|155.757675
-225.090118|147.884232
202.861221|455.892242
-69.295128|290.886841
245.556366|75.626381
22.980516|-257.370331
403.792206|16.972113
-139.317734|-121.422516
-203.916428|323.369019
42.084316|-265.950287
-453.156830|-452.418152
-277.843536|-347.628815
-231.872833|414.329437
-280.405579|-379.615997
431.206299|138.335648
-169.314835|-498.485291
-266.094025|327.582123
264.526276|-149.837601
56.362267|-467.500336
94.601448|53.883400
-36.132561|-6.756185
-296.154938|129.402817
453.983032|154.235855
-5.286873|-330.517761
-59.512863|273.359406
408.890320|-393.097931
-147.134979|-193.557861
-478.474426|271.081238
200.832458|378.520569
-214.889618|278.670532
-432.017609|487.927429
390.569427|-20.446535
-397.142365|-11.709281
325.802124|75.130928
272.239929|-249.685791
48.302528|284.415466
-212.356461|374.538635
