-246.913925|-85.955536
-170.075409|-296.127777
-326.529266|93.702377
-275.765503|-64.965034
53.009060|340.988678
403.451874|79.409607
395.804718|267.652161
69.308273|328.768982
19.121586|362.008911
383.414978|83.369194
115.700356|-281.425323
249.619904|-195.700470
-181.822784|-404.019531
-99.947960|-353.825073
101.849800|458.829102
-300.824982|224.637909
269.771851|260.785919
-474.849182|298.461945
449.087372|-467.780701
-68.363182|-330.891144
98.892746|-373.012268
440.006348|-17.564699
81.929688|-394.578369
-138.635681|438.923859
332.826721|-243.190765
341.888489|-224.516693
168.935837|-29.525085
-199.268280|-30.994724
149.853745|-5.160040
-413.563965|-36.050232
-298.384247|49.893452
-129.451477|420.876373
-132.889740|35.972683
94.378212|-472.078461
265.429657|220.887131
3.429599|277.339935
109.237289|-97.530258
84.219185|-62.779522
-47.132339|125.334091
-119.332840|-174.219131
-496.409210|-480.121246
-84.704948|211.471603
-139.799500|249.024155
204.332413|-272.181488
381.724792|371.671021
-253.230942|296.754852
257.838776|9.715794
199.697632|-119.439285
180.632751|110.854431
-464.127197|356.370789
-96.208710|-180.813568
269.717529|-201.645508
197.907059|-55.833008
-323.989258|22.442373
16.093870|18.857611
183.109955|-450.011627
366.589844|96.949837
-28.706503|337.456299
-499.366577|-406.740784
178.649506|449.970642
-308.661163|-326.542999
1.735505|90.002991
296.317657|-330.246460
-344.204559|466.118408
490.651642|-307.178528
64.998924|-275.172058
195.141937|-180.684662
-20.220409|-150.890625
-478.877441|371.225403
-51.474934|432.282654
-442.844635|-313.050903
-364.847229|464.562408
-360.185425|-59.699730
454.656006|-4.102345
-116.023949|392.020386
43.569332|411.470795
294.905365|-309.101715
315.178253|330.341064
49.250412|151.158646
280.081146|-219.917618
-59.334911|96.912056
-385.702942|462.268585
-246.064499|4.489590
-327.748901|444.158752
296.777191|427.060974
-487.091766|-422.991302
-54.952530|-214.287445
215.646454|-195.432663
-454.021057|48.677090
447.631073|174.272736
186.005737|-319.789368
-420.922577|-363.174408
279.575592|-478.306641
257.447784|-231.870087
395.202576|5.711928
373.028259|313.667175
104.673813|248.534119
315.096680|-488.475983
53.718441|-411.516266
-71.079124|79.366776
51.691868|-431.932617
221.233978|-355.714386
-86.694321|263.391907
-292.391876|3.111777
63.558846|-295.430420
-487.356689|131.711349
344.112579|463.902100
325.366486|-321.304993
-158.850616|-170.223175
-379.893646|176.307556
-5.811315|442.946930
346.665771|-354.572479
297.670837|20.358774
430.302551|-447.105194
155.627411|216.811768
-314.791351|482.719238
-48.057159|329.888641
-76.465576|128.421326
23.224941|409.050262
135.361099|490.937073
114.524353|489.609039
489.719452|-163.952332
-49.349087|-30.658354
-94.707993|244.076111
264.473083|326.695435
31.351908|-433.575836
-312.487946|109.375481
-244.473907|37.698730
-452.312805|413.397003
-54.373665|411.972687
241.484833|-214.334579
334.583710|221.256714
-382.313202|-290.445190
-124.263565|285.438629
-210.271835|237.685181
-283.879547|-170.283768
-37.638611|393.973694
-232.574463|20.353420
449.268341|-178.173386
-404.772888|-13.210692
-345.374054|-215.025620
-52.901890|-50.481697
-252.662201|-383.544922
470.685089|-298.219543
435.773895|85.415047
-127.754257|265.254395
80.067741|-441.399414
444.883331|-113.869408
8.161798|-0.662048
498.887451|-286.636658
-495.174774|-452.512665
263.069214|-270.485260
-97.163712|-85.912750
-448.162689|-464.773529
83.637009|-214.088226
-241.624283|230.200409
331.500244|42.921871
315.674988|-303.565155
469.916656|-469.710602
-279.180664|-28.462646
205.156067|-99.395622
-191.133331|-318.829193
60.160576|67.631958
-57.627151|-349.854736
-331.512329|120.125069
172.298019|-469.634735
-118.371986|438.356598
-340.660553|-62.634521
102.040863|-316.499695
-284.728790|396.852234
363.286041|485.741760
387.130066|-478.869629
136.778564|-493.418488
466.270203|39.821976
52.190460|367.043915
100.602165|-295.978271
134.759720|-81.673141
422.662598|70.404694
-487.243866|281.506500
-122.284050|-153.794342
93.110596|355.323761
-171.214203|307.544861
19.229996|438.124237
-107.702904|263.023926
-82.174881|-72.707924
-84.983322|-382.348236
-302.970673|-306.596924
332.972534|-160.624847
56.686028|41.182304
455.014130|-197.926437
123.413231|-21.607233
486.596619|-403.838196
-120.185211|245.307083
-376.386169|485.522278
35.289211|207.302719
-356.208038|482.993378
128.331635|85.485435
-182.214737|156.976089
31.901407|-453.996033
69.494118|12.101742
443.119263|64.732422
419.715149|402.144226
428.522675|0.409754
424.883698|127.349655
439.421967|18.408728
-352.890411|-79.337074
36.105362|352.940277
-471.487640|-480.000000
319.125427|-358.522186
-228.495621|-415.529114
-243.085785|-459.755249
31.103237|161.820374
78.531998|-374.479462
273.132263|479.377197
-86.149841|-439.729645
-348.055023|442.599243
45.827156|110.995621
-52.439770|-370.092712
-343.798370|17.266033
78.168625|-194.389404
129.200455|-101.329414
73.036789|352.840942
-451.269897|-77.922493
295.179596|-492.435547
-33.677197|-345.199188
-288.254211|-321.492218
400.504669|410.691071
-387.114380|441.440369
76.898506|43.017338
-264.662872|-228.707108
367.304382|251.692200
0.807266|256.409241
417.140930|95.349419
142.375687|307.663300
-87.165306|-323.472015
-60.420227|50.016800
-455.708160|27.654161
-317.580383|-165.152878
437.311707|260.453003
461.943787|72.793266
254.445221|-251.836792
-241.679230|438.308655
-374.600616|196.756042
-235.705170|312.834473
102.830513|-72.595291
-476.013428|-445.205627
-311.843079|130.105270
375.108521|-231.450134
298.691315|-469.576080
-272.473419|305.531403
133.157654|-402.280182
-105.642799|-331.992432
-371.456818|293.565887
89.752052|-89.766434
268.648254|-110.003563
114.674614|-470.846130
-77.269348|-51.452133
-405.844330|468.156036
-124.343117|-346.769012
-250.375137|-190.062637
-39.339470|162.554352
215.626465|-289.576935
-461.476379|-183.353088
22.588940|92.885956
-291.489990|110.494438
242.675659|-445.198212
-1.150354|361.480286
197.962067|-13.949751
15.066701|-229.085815
454.558167|-47.246826
-236.019516|-103.972000
-149.949356|413.778015
57.731712|-161.625961
-370.061127|-405.782288
-256.215179|-247.661865
-197.246399|-480.988800
-322.765472|-311.654785
-467.006378|133.241440
-135.536957|399.435089
-358.663574|357.402924
237.085419|-237.743393
33.557709|-412.871796
129.225906|-49.998108
-75.168037|-92.140465
-276.046295|132.091156
-455.213562|159.388901
83.696709|-283.964752
14.866033|212.401352
484.446289|-450.464539
-138.183075|-166.888321
-451.914795|377.310852
276.360565|406.915741
-255.302444|317.576416
-335.791779|484.633850
316.283691|29.587931
-470.051147|61.218132
404.384552|150.157120
264.612213|-180.860306
146.221848|235.608749
-289.492950|376.297943
