-179.851730|-101.977005
-216.766266|-339.836792
-264.605591|81.676262
-324.556274|-113.755104
11.950977|392.019714
434.955627|140.139008
350.570892|231.177200
29.321749|381.300049
30.918722|418.496094
413.967468|35.058155
50.498669|-302.957275
259.941681|-222.216995
-140.134735|-349.454193
-159.948349|-333.465607
168.789276|475.565308
-338.154327|279.295959
331.694611|242.835999
-458.015961|231.546600
419.315308|-428.394775
-33.774891|-355.234131
102.712555|-390.582947
388.646729|-22.948645
126.985825|-385.647003
-162.804047|-496.916656
378.755737|-197.759293
289.420288|-247.198898
207.197189|27.895100
-253.147858|-74.098671
95.002838|34.476852
-443.043243|-77.535919
-241.831528|74.119133
-155.083984|484.032898
-149.624542|102.912590
35.071060|-450.203705
330.889252|199.067734
-13.515792|267.388336
136.692627|-156.796753
111.272987|-113.860397
-1.968985|92.412811
-91.571022|-218.185730
-483.002686|453.230560
-23.049189|228.315552
-197.951477|216.450851
162.341446|-326.932831
340.323669|426.871582
-305.801056|315.774078
223.945282|-46.815823
232.867233|-70.199463
163.897949|43.914520
471.242126|334.786743
-66.162865|-236.300827
318.603851|-164.190094
244.464264|-52.995743
-293.287964|84.182884
25.732582|-47.156254
153.162872|496.987579
383.326050|30.009926
-78.652626|352.230560
455.466278|-410.011200
240.365143|419.112122
-251.309097|-364.671021
55.073956|126.864487
265.459137|-268.532227
-406.092407|466.173279
-450.950195|-268.923737
1.040884|-286.122894
225.955887|-161.518311
-56.138443|-206.276764
455.808533|348.800018
-64.185402|366.533508
-490.629486|-358.257965
-425.843048|459.991730
-425.915466|-66.001549
414.668945|8.378213
-137.535141|457.580933
89.129303|361.963654
264.042450|-247.400162
250.646393|348.142334
18.412886|212.884155
227.882355|-257.632599
-105.333290|50.918030
-446.098785|436.598846
-306.212921|3.807086
-277.976044|491.122803
265.613373|487.151581
458.053680|-430.038452
-24.094711|-276.002625
169.646454|-241.432663
-468.676636|-12.900463
478.489594|235.988373
234.796509|-368.580139
-359.208344|-332.315887
336.057281|-484.430023
212.516891|-225.749649
402.640808|-8.419106
342.169739|375.381409
87.939011|181.594910
330.652313|472.155975
27.334270|-372.354797
-18.487608|41.733440
66.987122|-386.219147
175.233978|-401.714386
-143.712875|224.589691
-316.126221|-61.417648
-0.658116|-306.268433
-490.628479|184.971710
301.007294|410.021118
297.758209|-358.343964
-127.472198|-219.222977
-333.221008|211.829803
-46.839577|388.891968
282.791626|-376.909088
321.729279|52.947227
366.238342|-421.480011
93.887825|247.621185
-382.449097|469.172455
-86.588676|383.917389
-22.345181|93.755081
68.640015|361.844666
71.517624|-486.030640
50.465256|-487.038666
-473.918823|-223.118652
-73.101601|-35.151932
-151.354095|205.015808
321.883240|288.421997
79.177223|-417.907227
-247.703461|94.042206
-230.945160|-29.961981
-395.710175|443.564850
-43.521679|367.430450
273.672974|-175.633530
351.319916|154.317505
-336.313202|-336.445190
-170.384491|246.917374
-179.414719|175.969543
-349.339142|-192.103165
-42.821178|336.423279
-218.721359|-47.208023
390.692657|-144.618744
-434.607056|-46.935860
-402.784210|-253.300461
-31.079845|14.976665
-217.162689|-442.712646
453.948883|-365.158752
434.033234|59.897060
-184.339386|231.041992
124.871178|-406.057312
431.248932|-178.331024
21.639120|-67.828430
477.068024|-221.176666
-454.340820|-433.997894
214.503464|-273.952454
-123.957413|-149.175827
487.481293|-481.747314
57.950436|-278.091949
-203.349442|172.788849
316.754150|20.070755
355.203613|-356.436066
438.601044|-434.867249
-307.993713|-16.291906
210.644974|-79.510345
-175.838486|-346.800812
106.160538|113.631989
-87.003563|-324.399323
-266.269897|102.041618
116.537415|497.335938
-142.435898|-498.333252
-408.318237|-76.164703
40.102352|-339.071564
-232.569153|376.651978
416.005951|478.108246
429.327362|-452.518066
188.036621|-496.391541
436.568085|18.756519
104.209351|326.326111
37.073898|-316.618347
89.149811|-37.388741
434.237335|39.037113
-470.661072|214.851517
-76.341827|-203.473938
78.577682|419.327972
-116.013794|348.945984
-26.657072|392.124756
-164.303711|227.631287
-107.792397|-136.775528
-45.909782|-375.690216
-245.764572|-344.495789
302.114014|-98.909210
-8.819994|19.673544
408.275055|-174.442383
55.985252|-31.773272
-479.082733|-375.400635
-177.886688|211.215591
-441.975281|473.415436
-10.991067|247.227646
-421.392365|480.466156
83.294312|51.986141
-239.137527|137.901016
76.999153|-438.374847
5.424730|-13.512986
489.093475|92.647614
433.782349|453.049957
482.747070|33.488873
467.399628|79.642433
475.363464|52.012058
-419.586151|-93.789154
-19.153755|323.168488
474.559570|-454.403625
335.585693|-302.968445
-171.084061|-377.255676
-291.876556|-410.964478
0.256665|223.479248
98.275764|-410.760468
324.468384|441.487061
-107.969238|494.019379
-298.345215|489.324005
2.607540|121.235542
9.025199|-344.348175
-313.017334|79.019875
52.530430|-258.449371
94.239723|-57.115646
134.941589|322.516113
-450.481812|-33.731583
351.295471|-498.819305
22.527151|-329.652283
-230.992584|-359.570160
413.878571|457.766785
-320.225037|424.534454
11.440672|21.193705
-282.690887|-294.121307
332.191925|221.670639
-47.352661|269.589874
413.163574|60.114086
191.166458|258.872528
-107.481163|-329.278809
-78.003159|-15.348473
495.668915|54.861740
-271.580383|-119.152878
478.758087|315.618561
495.067017|112.341560
200.962189|-243.215378
-192.888458|389.517883
-333.538269|231.944168
-285.960968|320.669159
128.469833|-126.145859
474.670410|-416.099426
-250.552475|115.826393
415.899872|-195.384903
356.691376|-479.494873
-252.591583|341.266968
108.607521|-343.422852
-54.020031|-357.035950
-341.430115|251.906555
110.874794|-136.915268
246.982971|-162.136230
54.470234|-454.945374
-108.131592|-113.165520
-465.597931|442.173798
-181.993011|-315.298248
-304.255981|-146.958694
-16.601948|113.898582
173.621582|-344.309753
482.799835|-141.953369
76.133659|128.033905
-229.819305|116.513359
211.818542|492.291931
-38.920506|316.148315
221.776169|43.000515
34.689564|-242.951508
425.068237|-9.045584
-172.218338|-121.488777
-185.804642|359.592590
46.753754|-226.600281
-434.125336|-431.407440
-271.373566|-311.559357
-219.065796|452.751373
-265.397827|-349.994476
470.434875|136.924667
-157.416061|463.691986
-299.506683|335.599548
240.716766|-181.125183
58.778851|-429.222504
107.408485|15.461716
-40.653648|-38.107361
-260.006927|135.623367
489.615204|143.564804
19.920105|-305.364563
-31.639366|251.267868
435.907806|-414.661774
-110.005013|-208.185547
-468.651001|310.371643
239.149673|365.762817
-239.189453|311.070862
-398.000641|485.326202
366.027435|1.990398
-424.142365|15.290718
355.593781|101.366737
277.609558|-212.147018
84.520897|266.431885
-245.168167|360.943085
