-443.806274|-38.959854
-33.871571|-153.108307
475.505737|-3.888372
-121.288231|91.898819
-63.460766|223.422653
274.378784|48.726234
-479.316772|384.587738
162.429031|175.827728
37.186943|154.432693
234.766266|231.519119
327.096680|-218.899536
157.439682|-63.728924
-159.782608|-489.650055
106.238350|-412.125641
-107.201637|434.692169
-185.233612|51.298595
56.359592|330.506622
434.326813|460.306213
253.255936|431.908875
57.566936|-398.582001
134.160782|-161.175293
-453.506897|-139.466278
-62.732883|-379.252014
-204.194061|265.340515
269.645447|-269.735199
-481.699432|-98.450996
167.451401|-81.887146
-30.484730|84.242607
321.945892|-116.066360
-308.524200|152.489594
-485.593170|-74.911285
-30.158421|236.881973
-84.592583|-181.195999
109.110451|436.370697
55.964195|289.715820
100.319336|475.979187
29.701233|74.694466
-49.813343|117.457123
80.084251|287.591827
24.483114|-199.815399
458.161652|-321.513397
-285.323212|139.252914
-124.928833|374.998535
332.532806|-95.525253
-486.925964|213.250702
-434.113739|224.645706
352.422943|175.120636
92.403152|-302.451080
251.243835|318.311951
-324.238983|472.531464
-58.977577|37.827934
259.677094|-345.392181
37.798302|55.474281
-309.657166|-186.554474
-42.939270|219.106094
281.081482|-251.677414
312.015259|315.230194
56.840794|148.746338
-291.053864|-371.956299
-18.638836|-463.839874
-463.006287|-341.933411
-181.458054|-27.911901
396.438446|469.179993
-197.255142|336.206970
343.545654|-419.029053
257.251587|-232.065384
-4.464538|-281.365479
114.778580|29.109991
-334.548920|494.639618
-13.409097|-373.293030
-325.439667|-151.921509
-259.387909|345.356445
-226.961197|39.157948
-386.045319|65.524254
-40.338799|191.091827
-30.932638|-397.178406
419.710907|-484.027802
-472.688263|264.398438
65.331718|-2.627792
414.211151|-87.252594
84.002754|226.394135
-303.445740|-392.874390
-78.299843|50.185268
-323.476135|274.368530
395.138824|228.793961
-306.011322|-448.832031
-160.618607|-26.694366
341.010437|-51.427277
-397.908661|190.747208
330.851227|0.352760
37.970814|-155.399017
405.047577|-468.811829
99.048553|-457.629089
416.329010|-210.412979
244.676682|145.726746
454.833618|119.319626
170.596252|421.333008
233.868042|-338.181152
129.459915|437.968903
-209.185562|199.022583
45.243477|-494.226959
369.792023|-211.822769
96.634277|370.095856
-210.316223|157.220245
109.643509|-475.622498
-452.494537|-0.289301
478.880280|-368.141693
-471.411804|-244.865067
-306.977661|-8.703313
-489.972168|58.184006
35.712730|-387.098236
-438.854767|-284.955261
115.596451|-100.685257
-418.900146|-435.581940
331.790436|109.585197
-140.726913|-484.042206
35.661201|132.091812
-253.324432|241.765198
-75.991508|-412.148651
347.990875|418.336609
173.451477|285.607788
373.960175|28.983175
86.323875|-169.312027
57.585522|269.259735
100.886002|454.447662
-140.213913|-417.065704
-441.937561|166.332108
-280.369141|249.288208
460.603027|350.033447
28.027565|296.823242
144.674103|-269.599640
273.860718|433.887665
-468.519318|-153.799728
4.737010|450.420959
-299.050018|434.317291
-70.427010|-99.127319
54.699905|-475.988983
-258.795441|149.276520
-384.712616|-267.173981
-322.230804|174.963745
-161.676117|-91.687950
-33.420570|-199.847000
-368.791565|-194.429291
-423.151672|-198.750183
391.821808|165.397644
-15.255450|431.440186
-86.352501|431.430969
-497.126160|102.757385
-105.281517|174.861374
431.107819|-449.152466
473.162109|466.801544
361.252777|-429.125671
-270.307220|51.727657
-228.939545|-421.238068
258.358246|-125.681541
-382.511719|386.767578
444.160828|178.472656
232.523697|-151.243118
-436.443176|392.544525
-341.410034|-189.236679
154.488022|81.604485
-367.426483|-251.282578
-85.150688|-84.185013
158.096924|-400.441986
-466.553986|155.465561
358.369080|-381.775635
19.095043|316.606384
-207.939514|-14.272802
299.562531|-416.384247
-337.717438|-456.131897
223.064133|-377.697479
215.525024|-492.691620
-61.311859|424.398438
-320.093475|-32.033886
-95.853775|-472.024017
292.584076|-393.478668
284.867249|-153.422714
276.040527|75.291031
343.867310|345.495270
-263.481049|5.353714
143.074142|184.361313
-340.644714|224.804764
161.865005|-423.484833
58.620441|394.048889
14.973855|35.914780
-161.576904|440.030029
-225.306183|-123.775764
441.539856|-349.468018
130.192505|152.241364
-413.848022|-342.302582
311.627747|-97.783310
326.520233|438.056061
57.958626|310.656799
-433.827637|-347.634491
185.453979|82.545883
-152.528000|-466.970947
263.330963|265.486725
-12.973819|249.484100
-16.705517|481.840088
276.229126|96.051559
265.139557|-11.298737
402.165436|264.356506
269.147675|-56.927643
454.227814|291.466675
296.825806|18.496574
-227.125290|-264.202423
213.187057|472.286102
-329.999756|366.561646
183.401321|481.672089
-417.377319|498.408966
-83.986076|380.196442
-96.763397|41.585205
-53.359875|-195.463257
158.960526|-363.756287
-40.697151|-249.261993
481.294525|339.840088
254.733093|194.559906
-247.419128|-469.676392
-451.846497|-174.482285
161.815399|14.483113
276.609406|-204.183975
-50.616631|333.200317
390.542542|-233.391113
167.668808|-443.195496
-57.539860|-149.030121
-151.626129|-177.010590
354.657013|270.557404
404.555603|488.558258
288.818146|114.106522
-241.401550|-16.373213
-413.662842|306.266602
116.815300|396.720398
422.252655|268.772034
-1.379732|386.385651
-297.901550|-259.017456
-5.898282|268.309875
-303.430878|50.901028
-418.884949|-297.121277
301.702545|87.170837
-355.899780|-44.985096
458.686737|-285.535034
-315.188110|-430.522247
-453.061981|379.497864
-61.794197|248.498978
-29.797941|107.991234
-314.471619|-467.878296
-487.653473|164.591263
266.257202|-384.710297
179.281784|-323.548126
-480.326569|234.196259
242.966354|412.883453
-317.035156|-266.207001
484.411530|410.308441
-43.080727|68.030914
284.192963|-42.877502
305.403687|456.961975
42.505432|-27.497639
-324.777435|-393.313690
64.570564|-417.742188
-67.849068|-318.973969
-158.317337|350.316956
382.599243|-143.859131
-281.867310|-301.886200
-143.474564|-37.030663
-315.657166|-61.554543
351.981934|-256.250122
-60.862453|-429.433716
312.422943|-191.120636
-167.687347|-356.071320
-436.262878|-233.420776
-342.410706|-254.914429
-58.577061|288.120758
69.789841|44.056847
-161.156052|-322.222107
-48.283134|-324.584625
-125.030167|-269.044495
-497.127930|-190.325546
-307.223877|83.147682
-97.286156|208.770737
-375.430573|477.659821
198.462753|-332.023407
-99.180641|-312.891815
203.587021|-213.328995
-160.241730|-218.988724
-150.041885|313.003479
-248.072784|190.810562
172.281815|-110.117363
50.113201|39.222572
-326.996033|-414.038788
-286.139404|-11.289946
-419.975861|-415.392975
367.159698|-410.211639
-413.571075|353.534271
-294.890808|-430.821686
290.822784|151.791977
384.410767|207.945847
-437.697479|296.935791
397.650513|-75.116295
322.925354|287.259705
-417.996216|-456.695557
