-459.068268|-33.746887
-22.685358|-142.304611
461.106903|-9.742343
-109.576271|103.519989
-78.264488|216.146698
271.577148|37.521046
-465.430725|393.386017
172.432556|163.509583
46.328957|144.334961
223.621338|241.420059
342.078369|-212.745895
148.111252|-54.741703
-150.678558|-494.319458
122.348816|-415.627899
-123.253624|430.926331
-176.560303|37.607594
41.085648|333.745087
430.256317|476.295166
244.637283|423.343536
72.340263|-402.643280
136.699432|-145.270752
-448.598999|-150.451324
-70.605408|-392.557312
-213.687988|253.208008
258.564667|-279.493591
-469.678009|-87.677361
155.746994|-90.067101
-17.592030|94.539566
335.293915|-125.747093
-301.220551|167.283173
499.432526|-82.612724
-33.334782|228.671127
-78.413918|-190.467987
115.479576|434.459930
55.346581|297.631836
108.266716|488.842529
22.879150|86.259804
-42.718399|118.215416
89.681000|298.314240
38.383579|-207.355515
457.888641|-308.258301
-298.748901|134.040848
-137.762741|385.288513
343.351166|-83.623833
-478.475311|199.535904
-425.557343|211.498154
360.444885|188.504318
85.146698|-317.264496
256.510590|332.568298
-310.409973|476.463013
-66.527191|48.466553
252.731186|-360.299835
29.704845|49.256306
-304.779938|-202.283005
-45.111435|233.258331
285.330170|-237.177780
308.093445|331.255859
57.623840|145.351151
-278.741180|-371.114685
-33.364082|-456.397644
-476.749847|-345.985413
-187.538986|-25.478470
404.371765|457.590332
-186.639267|323.848175
333.585541|-429.531342
272.537231|-229.409805
-19.472582|-287.533234
124.611870|42.358242
-319.735504|-497.146698
-8.745945|-357.922119
-313.627960|-140.410095
-265.472748|332.417755
-215.730057|49.828220
-375.350830|76.662888
-34.376968|177.351624
-36.307774|-381.683929
426.269165|-490.700043
-457.290100|258.691620
65.704842|-13.256308
427.361298|-77.393127
95.251945|236.946045
-298.748901|-383.959167
-89.215622|46.281662
-312.620422|262.578613
400.470795|213.583832
-299.371826|-442.409729
-175.327454|-23.331926
350.585632|-40.468552
-389.167694|204.164597
323.416260|-14.376109
26.424896|-143.618027
396.498260|-478.560547
84.722351|-458.303284
431.719299|-204.695480
233.372467|154.410721
462.625824|106.349998
174.704285|437.310760
241.744812|-325.088013
126.259392|433.296295
-221.696106|200.720810
56.200001|493.225006
380.645660|-200.661011
110.636040|377.655762
-204.667938|172.658890
109.418808|-483.474030
-459.971436|-12.749455
489.390045|-355.436401
-456.085663|-241.254913
-318.263062|2.860652
497.244324|48.290909
40.339920|-371.356079
-423.642914|-285.386230
101.506172|-108.553436
-415.746796|-424.294037
346.606934|103.361259
-137.460281|-489.407867
41.623032|118.351624
-267.696716|249.779434
-77.478714|-402.539215
363.644257|413.118591
177.632309|269.653687
365.085388|40.745121
100.400002|-177.449997
69.294945|262.744263
100.312019|468.791992
-153.491852|-411.433807
-450.531464|180.414352
-279.317291|258.679596
448.473877|342.465515
35.852386|283.735321
129.696381|-276.278473
266.035187|444.749176
-475.530334|-144.469666
14.273698|463.812958
-304.731049|448.167542
-70.627899|-95.546516
65.100586|-464.743225
-243.859879|152.736801
-369.737152|-269.861786
-314.626068|189.587036
-147.600006|-83.550003
-46.131218|-197.738434
-376.329529|-182.326263
-419.680084|-182.678345
402.594421|176.630890
-11.526235|447.465607
-98.472946|423.582092
-492.609894|118.563515
-108.524284|185.536316
437.392395|-463.439667
460.355743|459.118591
368.396088|-442.444763
-284.919067|54.254379
-212.745880|-418.078522
273.875000|-120.739510
-390.416016|398.624023
455.480560|189.540985
223.647827|-137.377899
-429.050934|384.251740
-346.272705|-204.816895
150.605972|97.558083
-383.468964|-250.470383
-78.874207|-94.475571
165.251907|-413.053375
-479.695068|161.718292
372.263062|-375.860596
31.463358|306.589752
-193.683502|-18.691261
309.141846|-416.736450
-347.904877|-445.256042
211.861786|-368.262848
203.623825|495.648834
-76.709900|418.691620
-304.531036|-37.470379
-107.807068|-462.321564
306.314026|-402.303223
299.470795|-148.583832
262.493866|67.564430
328.234741|350.287689
-271.499420|19.440462
154.513428|174.429260
-353.622101|214.647827
162.975998|-425.749603
69.480553|405.540985
24.406881|48.369961
-167.678619|425.319336
-221.746216|-107.705757
448.818481|-364.272308
122.347015|164.368942
-415.468536|-348.585632
325.471710|-103.467651
318.540558|442.407196
65.284355|305.694000
-436.522675|-334.537872
195.530334|72.469673
-141.278809|-468.794159
273.405884|278.542267
-5.651170|263.627869
-26.604042|471.555450
288.684296|104.319687
253.478470|-19.538986
412.450409|262.599701
258.848175|-65.360725
445.221069|305.283325
287.604523|31.556105
-217.686218|-277.697327
223.726761|482.185242
-318.749329|356.031891
176.285599|468.771698
-431.468445|490.470917
-73.598267|370.366669
-91.256767|44.899479
-57.533890|-187.526749
149.345795|-351.366760
-35.386219|-233.642914
471.395966|329.555450
269.688873|201.317581
-262.262848|-476.861786
-458.470795|-189.416168
169.355515|28.383577
282.619446|-214.646286
-65.356934|340.614044
380.258698|-243.113800
161.425934|-436.382690
-64.881416|-134.855759
-139.480072|-169.459473
340.063934|265.252716
392.614899|481.570587
293.474487|108.535110
-236.379059|-2.352838
-399.425415|311.517975
132.250931|390.962555
419.527588|279.466949
-12.772689|398.285278
-307.408752|-248.628830
-2.581378|284.377716
-289.563293|49.609749
-427.686340|-306.697662
290.450012|82.599998
-341.383972|-51.644260
467.651978|-292.370728
-304.524200|-426.536407
-444.631409|389.595245
-48.522999|240.462433
-40.111614|115.741646
-301.344666|-468.352295
-494.653137|169.631332
257.250763|-394.966248
178.528214|-321.467560
-493.749603|229.024414
252.381409|399.355743
-327.278839|-257.205994
473.455841|421.404419
-53.629787|77.652260
290.253204|-30.930746
315.265869|448.298706
51.062584|-13.747384
-320.090942|-402.636200
78.365944|-422.654663
-55.140072|-329.263184
-167.062286|364.252594
395.444916|-133.504364
-269.140411|-312.263245
-148.365005|-52.600903
-310.779938|-77.283005
360.422821|-246.380554
-68.819687|-417.328796
320.444885|-204.504318
-181.277008|-365.199432
-426.726288|-246.812958
-346.693329|-268.684418
-50.555126|301.504303
72.934647|60.252853
-146.717072|-318.305420
-34.422562|-328.478607
-119.559227|-253.499771
489.128662|-180.738876
-293.314636|78.304604
-104.748466|196.952103
-390.367035|484.402313
184.374573|-331.350250
-109.791985|-300.812012
209.304520|-228.719284
-168.259842|-233.121124
-140.300613|326.312897
-232.270782|193.699417
177.431183|-94.613663
42.614532|37.429943
-319.405609|-406.369141
-283.671143|1.334782
-416.002258|-405.750000
372.253845|-394.705750
-420.605621|367.557617
-283.669373|-421.673187
279.661011|162.645660
374.031891|219.250671
-428.262848|308.138214
404.876984|-60.739841
335.389679|297.435883
-424.283264|-442.694458
