-326.187378|-63.223598
-101.575417|-227.627777
-414.614014|51.026737
-207.732651|5.455137
40.039997|281.027161
338.287933|54.665798
469.819244|326.977631
94.622375|277.549438
-1.709479|268.592865
316.266266|150.019119
212.077499|-250.132660
236.388885|-133.086151
-239.836761|-487.178040
-13.637634|-388.149200
2.167558|433.906799
-239.174500|142.436646
172.293991|293.279938
464.707916|347.453888
362.219421|487.197754
-51.325001|-343.815674
103.727318|-278.178192
464.500000|-57.878616
22.613760|-311.692780
-122.787628|351.930847
262.110291|-275.693634
419.405304|-171.122406
177.216461|-110.302750
-119.034447|33.192673
221.835175|-70.585159
-368.238434|55.986210
-383.875458|-7.101910
-87.531441|330.104492
-107.969437|-63.709534
178.884750|490.281372
167.951797|253.379059
45.626160|367.553558
91.902351|-21.571699
22.572493|19.422977
25.522915|197.989868
-89.023521|-154.412827
-495.752777|-406.076233
-172.274872|176.009155
-57.093754|300.075836
261.296692|-191.177078
445.596863|293.581451
-345.566345|271.716827
303.791138|101.618362
154.331726|-207.742157
216.165588|202.971481
-426.752411|435.376556
-82.906616|-82.056824
303.287323|-239.176117
130.269806|-11.438535
-348.709045|-70.747688
-3.713714|113.406952
229.060226|-358.111084
341.667450|196.631378
5.561303|249.598923
-404.468079|-416.503387
88.053001|493.968719
-345.648224|-313.302368
-83.752541|32.999886
342.368225|-420.564514
-270.577698|434.027374
437.737030|-348.122437
145.394089|-272.114197
104.879303|-226.693375
41.429630|-68.690544
-440.560638|450.470612
-26.095573|-474.990967
-411.848755|-231.146393
-288.207245|445.695007
-292.015930|-47.295902
-472.399414|32.510517
-83.735458|294.475555
3.190473|-496.730804
341.280792|-399.359528
412.656128|297.847046
18.843307|85.621521
338.349823|-176.392776
3.720207|145.605392
-354.123474|-464.943787
-151.421219|32.723324
-397.734039|371.128754
340.465637|338.136108
-396.515411|-465.602417
-103.234795|-125.703842
260.099396|-132.602158
-402.129272|130.664764
396.327423|92.928032
123.851868|-242.181900
494.466034|-412.674438
191.097076|-467.363647
314.941254|-222.223038
337.521118|74.943573
420.375458|222.821548
124.775269|345.527008
240.866806|-444.385803
39.849728|-491.460297
-99.841553|144.351822
21.746609|499.447418
289.749603|-287.237213
-0.833191|303.034607
-259.897858|100.588875
91.094193|-386.123901
-414.941284|97.784050
401.868561|-458.894470
412.194885|-283.525116
-229.419830|-96.899452
-417.670319|117.905128
-3.546582|-477.507782
444.213165|-323.615906
217.314758|-32.873466
-481.892303|-492.601501
247.215668|172.960236
-222.364410|-497.472473
-11.174504|237.713623
-143.980423|187.094437
-38.496243|490.734558
232.011200|456.990051
144.877701|395.437073
436.856049|-75.845345
-13.629986|-107.008476
-16.982407|290.066711
178.979980|383.689575
-42.039093|-461.779541
-386.133881|107.964645
-264.619965|138.454391
-457.190430|418.380920
-15.828440|406.798065
242.389465|-209.283493
309.661316|320.937927
-432.540161|-227.702438
-55.213802|351.299011
-244.377304|324.975769
-186.401688|-137.791840
-14.763463|471.654694
-252.792679|121.065269
-470.305511|-240.613159
-374.022247|75.457779
-263.394257|-159.500320
-33.941689|-102.684807
-305.525604|-295.436462
-491.538147|-239.983276
372.505463|84.669220
-43.666271|316.668182
17.335348|476.806946
472.258453|-15.842633
-15.638571|96.255165
456.786804|-356.603729
-428.746033|-477.100220
309.768646|-360.248169
-172.469955|-21.003674
-348.824188|-445.175873
166.561844|-170.797989
-311.137512|290.589264
378.156555|103.945808
257.153076|-234.492310
481.466827|468.450500
-310.682556|-90.397690
178.464462|-38.271500
-252.601868|-269.963104
-4.328426|-2.151894
38.224052|-376.449799
-421.071838|139.147308
257.791290|-412.640594
-76.051147|347.344910
-246.183197|-44.549820
193.847183|-360.558319
-343.108551|479.865143
305.054413|-464.285645
308.700409|-485.011261
54.645123|463.115356
-435.721497|7.329528
-21.895065|433.140564
189.067764|-331.311005
196.041382|-118.076263
357.360687|70.552757
450.771149|332.932739
-191.276947|-86.854126
75.275826|286.072571
-242.843719|298.155701
87.772125|-492.671967
-20.511282|310.039307
-31.756763|-70.803604
-106.905663|-450.031097
-255.751205|-242.099442
386.866608|-240.126129
154.112732|73.667671
-481.667755|-257.920624
208.156097|-54.577023
413.665466|-476.182617
-36.935650|297.465210
-387.282043|-442.917511
107.940247|134.643173
-265.300354|-484.094910
189.981216|167.685730
-112.874695|194.448425
-16.874228|-493.214142
164.894730|50.262074
358.298096|49.818600
456.611206|310.501282
366.865875|10.369283
456.855865|207.012314
375.151367|29.685810
-294.936890|-162.484314
118.463463|395.864349
-409.698975|448.283112
262.118286|-444.004852
-313.987518|-472.523254
-170.429962|466.640961
-35.669586|103.054932
20.365725|-291.317841
224.732971|-457.349304
-79.355804|-365.239319
-418.977051|369.452545
141.228027|149.156387
-138.075119|-415.003143
-389.608459|-74.705826
116.412201|-99.023186
202.908951|-137.223495
46.585594|300.826599
475.287109|-150.569885
231.155396|-477.332520
-80.231842|-253.763901
-239.237747|-254.745956
437.148285|317.414886
-482.209198|472.219269
174.374023|75.515213
-239.741852|-129.025894
466.985596|276.614410
41.389946|346.972473
398.280273|148.894073
61.896572|320.901154
-181.661179|-294.835175
-35.499924|149.698837
-396.392609|89.857117
-337.384949|-215.621307
375.660034|178.252167
-460.425964|15.994293
345.181671|-240.133102
-285.004425|489.238770
-414.414032|263.516418
-177.237396|279.250641
41.315742|9.678705
-388.069641|-484.554871
-396.911865|151.036728
306.602295|-299.942566
221.907700|-436.953369
-365.936340|272.981934
190.160416|-487.767212
-201.473328|-299.643524
-439.956818|362.065887
27.737501|-17.409586
314.600616|-18.100971
198.861862|494.637421
-20.145172|-87.228302
-373.010132|-458.292969
-44.803200|-363.130554
-170.141418|-254.250031
-96.334656|248.047653
287.136200|-220.228073
-379.275543|-245.002670
-62.885883|35.937336
-348.950287|48.744785
289.702881|-354.132416
-25.301273|453.380554
243.912338|-105.852333
-68.341835|-286.917938
-494.278046|-134.333084
-301.850128|-140.107208
-106.733498|323.002991
77.882645|-60.870949
-274.661163|-367.623138
-158.737396|-280.155426
-164.754471|-383.510925
-404.531494|-253.390884
-382.260162|131.605606
-102.672127|303.214233
-433.891205|415.532898
272.251984|-249.038620
-32.317780|-409.320618
157.793625|-102.011116
-111.253433|-145.065247
-214.396027|214.291992
-366.671600|161.160858
125.133492|-221.921616
57.897308|123.157173
-422.841522|-457.587402
-208.361191|-98.048164
-441.465240|470.628693
325.141785|482.983948
-330.460907|286.442200
-268.147003|-499.000000
353.181030|91.072311
461.467255|129.309891
477.074127|210.036102
321.850006|-163.802261
236.493637|200.802567
-348.234436|459.367218
