-456.164764|-35.826263
-25.365683|-144.614517
464.093079|-9.572500
-112.271423|100.913193
-74.855484|217.702454
269.945587|37.189934
-468.560638|391.400726
169.525772|165.235596
42.637653|144.952835
226.261688|239.984375
339.188904|-214.857101
150.035004|-57.939293
-154.093475|-495.867920
118.738510|-414.637238
-119.571648|431.602600
-177.630569|41.064266
44.309570|334.147034
431.232697|472.675049
246.826706|423.093231
68.907349|-403.866425
137.209869|-148.795715
-451.215790|-149.074020
-70.757294|-388.933655
-213.107941|256.228577
261.142914|-278.195953
-471.539734|-90.748726
158.420135|-87.565765
-20.528131|92.206818
332.159576|-123.698067
-302.822906|163.893936
-496.218506|-81.958107
-30.813328|230.313766
-79.599930|-191.574432
111.871834|433.686737
52.321148|295.420715
106.147896|485.797302
24.205420|82.788116
-46.071583|119.892097
89.062042|296.644348
36.277462|-204.653259
455.535370|-309.080597
-297.412811|135.202774
-135.115829|382.665741
340.240265|-85.369743
-479.332550|203.009506
-428.337006|213.280884
358.141632|186.516144
86.702446|-313.855499
254.414352|330.660065
-312.137604|476.546417
-67.354408|44.946552
253.979385|-356.798218
33.258747|50.446350
-305.627472|-198.651001
-44.108662|229.683868
286.007843|-240.089508
308.924774|327.599915
59.920773|142.984589
-282.286407|-372.327271
-30.041801|-458.135834
-475.365967|-345.062714
-186.648651|-26.701578
402.003052|459.778473
-189.567673|326.035675
336.678253|-427.411194
269.336700|-228.002655
-15.887475|-287.028564
122.425957|39.311939
-323.144501|-498.702454
-10.832072|-360.807190
-316.414459|-142.915512
-265.082214|333.948761
-218.453888|47.647526
-378.302429|75.650993
-36.279465|179.005493
-35.634308|-385.327240
425.020447|-490.152252
-460.593781|260.362518
69.428833|-13.535229
424.230011|-79.456406
92.510620|234.879990
-301.859039|-385.963806
-86.485512|45.511013
-315.763184|264.217377
399.541077|217.110077
-297.575897|-445.295959
-171.612717|-23.556963
349.465424|-42.928581
-391.317108|201.660858
325.148590|-11.050888
28.960941|-146.377655
399.972687|-477.808014
87.384727|-457.332733
428.423431|-206.377106
234.485580|153.388565
460.556396|107.926231
173.691177|433.701630
241.688339|-328.117126
129.480240|431.547546
-220.679214|201.976318
54.244511|496.018646
378.287384|-203.317657
107.262154|377.138824
-206.281021|169.314896
107.209351|-481.351776
-458.265930|-11.657034
486.857330|-358.195343
-459.309601|-240.852982
-315.328033|0.562202
-499.000000|49.180698
38.822113|-374.733337
-426.868561|-284.895264
104.973625|-107.736084
-414.458496|-425.846436
343.200623|103.895912
-135.923172|-486.263702
39.720535|120.005486
-264.688171|247.543976
-78.046600|-405.373993
360.086670|414.304504
176.548264|273.239655
367.275940|39.836639
96.943062|-176.368484
66.229340|264.718475
101.789764|465.584717
-151.646179|-411.422485
-448.502716|177.261856
-281.699310|261.100342
449.983490|342.977722
33.970394|286.708069
133.259628|-275.280304
267.014862|443.364502
-474.734589|-145.265411
11.815995|461.025055
-304.731079|445.731445
-67.009315|-94.849602
63.180958|-467.481201
-246.691360|153.282684
-373.040009|-268.727722
-316.526276|186.366470
-151.056946|-84.631516
-44.411098|-200.982361
-375.373199|-183.509506
-420.072479|-186.377640
399.560913|175.527496
-12.733863|443.938324
-97.480591|427.046844
-494.020111|115.123260
-111.513557|184.022079
435.161621|-461.240784
461.790649|461.037109
366.047302|-440.330414
-281.703552|53.717022
-216.436447|-418.740662
270.720215|-122.560738
-389.583984|397.375977
452.233521|188.337769
225.942764|-140.322906
-427.907776|383.189697
-344.527802|-201.599457
151.959213|94.101051
-379.935303|-249.650620
-81.695686|-92.458252
163.332672|-410.075012
-478.832672|158.836945
369.058105|-374.835327
29.683979|309.505066
-196.582932|-16.328398
309.992401|-420.387238
-345.463409|-446.007782
213.995102|-368.737183
205.369751|498.759735
-73.406250|420.362518
-307.998230|-36.067310
-104.922180|-463.063049
303.376251|-400.249237
297.342041|-150.800522
265.524445|69.767601
331.503815|348.610413
-270.535004|15.974448
150.970306|174.761261
-350.836609|217.143967
163.435043|-424.287506
66.347565|404.188599
22.567307|45.414845
-167.264648|428.619171
-222.224731|-111.403763
447.240845|-360.872375
122.611740|162.491409
-417.928558|-347.465424
321.798279|-103.282310
318.682404|438.730072
67.714943|308.529480
-435.686829|-338.015625
194.469666|73.530327
-140.295898|-465.637177
270.988190|275.681366
-8.547160|261.431183
-25.716660|472.820007
286.507019|101.267883
254.918091|-18.919615
412.494690|261.251495
261.035675|-62.432346
447.157562|302.076599
290.860992|29.746052
-220.048172|-274.807892
223.061203|480.348633
-321.491852|358.076508
176.370529|471.036499
-427.999084|491.356628
-74.964142|371.187195
-92.245422|42.786865
-60.198151|-186.685059
150.042068|-354.648529
-36.664619|-237.166412
472.283356|330.820007
266.558441|199.326447
-258.825958|-475.372589
-457.541077|-185.889923
166.653259|26.277460
284.025055|-213.859116
-62.020409|338.902771
381.460571|-242.337387
162.732788|-438.219238
-63.244492|-137.627487
-141.005951|-169.955643
343.214325|264.936920
396.176270|480.419739
294.025726|112.106834
-238.232681|-4.024572
-401.314728|309.437225
128.659866|392.001556
422.619232|280.384338
-10.388443|395.408142
-306.852203|-251.758270
-2.825302|280.683899
-291.541595|49.807297
-427.281219|-305.404846
293.104248|82.294624
-344.912018|-51.449089
470.035706|-290.991302
-307.025879|-426.210205
-448.110016|389.347321
-51.746155|241.696533
-37.216114|116.507370
-302.864288|-468.032715
-497.953094|170.010208
257.826294|-393.184509
178.297302|-317.856567
-492.416443|230.146988
250.080032|402.302704
-326.451141|-259.579193
475.912903|418.811462
-51.303696|76.696243
287.730011|-33.546009
314.571075|449.634277
48.383530|-16.194857
-320.631104|-398.930328
76.184853|-422.901062
-57.569931|-326.451965
-165.383972|360.929443
392.553192|-135.891541
-271.683777|-309.558075
-146.904419|-49.189137
-311.627472|-73.651016
358.160858|-245.165253
-65.871597|-417.948486
318.141632|-202.516144
-177.908676|-363.692474
-429.183990|-244.025040
-345.135254|-267.091614
-52.858402|299.516144
72.286568|56.560001
-149.269272|-317.619324
-36.181507|-328.598480
-120.996498|-256.949341
491.859283|-183.245438
-294.874084|79.982887
-106.073166|200.067337
-386.837524|483.355560
187.556839|-332.195129
-107.184845|-302.967834
207.622894|-225.423416
-165.952393|-230.388290
-142.397995|323.208069
-235.777466|194.151031
176.972824|-98.262085
46.074718|36.434673
-320.623199|-408.159424
-286.067413|-1.011028
-416.313324|-404.631104
371.849182|-398.355835
-420.897369|363.939056
-285.827972|-424.435120
282.317657|160.287354
376.076508|216.508102
-428.737183|306.004852
403.757172|-64.317841
332.023071|296.189697
-422.588318|-445.475433
