-129.318527|-53.590782
-271.038879|-396.722717
-177.208679|61.428726
-391.900482|-172.382843
-38.966240|467.977631
475.876709|221.979309
282.236359|175.533371
-21.430031|457.434723
60.022289|-497.658386
472.972107|-23.147295
32.393085|-364.683289
306.352509|-265.718750
-124.212730|-290.982849
-249.634903|-315.345093
255.966797|498.342865
-407.428345|332.171448
417.680664|215.376404
-397.144836|180.502686
350.054077|-397.502533
-53.307514|-385.576660
79.631310|-478.250183
339.369415|-38.105888
164.376038|-358.954468
-191.296783|-438.846283
436.811310|-137.441513
216.238525|-302.124908
257.949768|104.029411
-324.598663|-131.258255
21.799746|89.372742
490.614532|-123.040649
-154.885742|51.924568
-206.263565|-452.967865
-167.609238|187.816864
27.239361|-393.798462
401.642426|167.527405
-36.617847|243.008469
183.768066|-235.256439
166.172348|-187.061157
-40.963192|25.544636
-158.485199|-230.212112
-451.559601|372.974274
23.311129|261.657715
-263.758667|162.935806
107.028671|-390.838531
332.608704|472.367767
-391.318909|344.775574
182.218765|-128.080109
272.118805|11.011024
141.706146|-44.853580
384.372131|306.776886
-70.123535|-318.475372
312.393127|-111.190247
318.817200|-52.090282
-319.317657|85.934792
47.929264|-135.923126
112.243294|415.149139
362.837830|-37.404499
-121.666466|357.972504
381.495544|-380.680664
322.203949|378.191040
-289.759613|-433.272552
108.206741|120.070824
219.427902|-195.748795
-480.895264|455.572876
-376.747437|-217.125153
-21.923401|-204.159515
278.103699|-97.836891
-33.773869|-275.091370
369.207336|321.316620
-82.257401|282.267273
443.743805|-422.741974
-495.594482|440.273468
-491.233429|-107.640038
381.917572|-45.818184
-116.441681|-471.493195
144.048721|288.791779
222.212250|-174.777557
163.818573|377.006653
43.653683|266.943207
151.748169|-308.386078
-166.333298|-10.081969
-421.705170|351.465057
-380.612152|10.944193
-222.279861|-440.289795
243.004990|-432.395752
393.532349|-397.036926
-2.813098|-352.194977
108.646454|-302.432648
483.565430|-91.361076
-479.881134|317.827271
179.713806|-405.010437
-277.369904|-291.394806
405.891632|-479.718933
125.704178|-254.660141
471.302124|-66.156845
301.248657|457.219849
61.546085|99.694641
273.491058|400.705109
2.453602|-391.602509
19.548044|40.166100
47.027016|-387.450867
114.728775|-460.353760
-211.659866|166.924850
-344.291260|-146.910629
-28.514156|-223.510254
-450.515442|266.844116
243.846375|338.570251
210.953094|-387.280243
-68.871788|-284.522491
-306.140503|124.815315
-100.954079|334.779572
200.005600|-406.839935
385.824219|50.984100
281.283630|-387.498871
41.029217|290.518250
-463.939484|445.516418
-115.523094|470.722504
11.671156|59.149391
123.498055|288.613098
-15.285043|-457.089966
-36.345966|-458.204834
-426.294769|-301.231293
-95.069000|-123.878571
-221.981354|148.593399
398.014099|237.667404
113.652832|-486.345551
-159.167526|71.931396
-206.981262|-116.038330
-319.311829|493.773895
-91.799477|316.352386
355.511963|-134.715042
373.190094|67.013771
-290.999054|-390.920166
-236.516937|195.300568
-165.986465|123.525192
-436.144257|-221.037582
-68.497421|266.480713
-209.273392|-137.121826
327.912842|-97.065712
-493.694000|-87.511444
-442.836548|-319.382996
-24.381378|92.247742
-181.271378|479.706177
388.330841|-360.658936
395.524963|32.526245
-250.418091|178.258499
180.318680|-340.294098
432.640137|-251.767273
43.634315|-156.582123
474.885223|-141.869186
-376.263428|-392.542938
138.475052|-324.793182
-161.848770|-210.154419
423.294403|492.342926
36.175102|-335.817169
-146.155670|109.326012
261.355652|-40.438309
340.994873|-378.303131
370.432343|-398.488739
-285.792480|72.474167
230.505249|-155.653473
-91.147171|-370.908783
167.160538|174.631989
-104.774773|-284.798187
-177.030029|81.859886
43.779911|451.639740
-173.262039|-447.615540
-473.358978|-117.364273
15.566479|-376.787567
-156.601395|348.009399
489.073395|-499.019989
482.344269|-399.059631
274.591980|-468.014465
410.010071|-9.369663
168.909821|261.625305
-16.772886|-287.145081
27.986738|22.686075
-495.879883|81.352028
-408.632324|162.914719
-53.659145|-270.726410
33.203350|433.368561
-51.996651|408.791901
-80.532471|333.382446
-229.995621|175.637970
-137.036163|-221.697647
-18.170679|-387.851288
-284.457977|-413.791748
255.995834|-60.770592
-89.025032|1.819662
348.838715|-112.278618
-33.737881|-49.717899
-413.627777|-323.905884
-242.237579|158.515350
-499.230194|460.423737
-53.035252|229.581223
-492.170319|481.046234
10.216221|106.959167
-310.080475|104.051727
128.700394|499.894318
-76.483269|-50.310390
-437.199371|147.510223
-498.918060|498.047577
-448.145782|48.151882
-486.519531|13.864399
-484.912415|-30.403799
-491.830841|-128.154160
-56.489365|249.425415
479.644226|-419.735535
386.339600|-226.836868
-88.552979|-391.182831
-356.577362|-346.263672
20.706322|292.398773
133.247574|-478.898102
386.229034|378.628876
-136.903931|407.214355
-241.783585|-445.366821
-82.229584|86.960083
19.643595|-348.697662
-339.699524|86.819267
9.785164|-328.669067
29.258167|2.974608
216.781891|281.595032
-388.210022|32.177898
407.919006|497.883698
63.170731|-374.106934
-268.263184|-426.803314
487.953186|478.739319
-231.457825|402.340790
-68.846054|-1.058146
-326.089752|-340.988647
271.409790|192.445206
-132.240875|287.155334
365.391174|-3.160906
250.992950|193.893723
-71.586891|-378.125549
-100.201332|-104.114975
464.441925|100.228386
-212.415909|-59.034065
-470.074249|386.116608
420.464874|159.977264
114.210640|-272.221161
-128.187653|324.817078
-304.593811|145.142746
-370.934723|344.592957
183.311676|-199.339508
401.358276|-376.308685
-161.322098|95.681671
457.159180|-131.195908
426.822815|-489.717072
-171.773758|334.241516
57.852684|-267.291992
-25.592724|-410.415192
-280.430237|190.906784
164.757431|-208.199417
298.417084|-93.687424
-32.695545|-429.882904
-148.634918|-194.677292
-441.833588|354.669769
-263.833130|-274.377167
-377.409851|-109.777153
-103.190323|85.243896
121.062386|-369.728699
409.599091|-87.053741
115.090874|205.234482
-252.375076|140.154556
180.053787|410.277374
-105.564262|281.648010
273.834747|118.052635
63.769791|-226.756424
371.570313|31.683367
-123.176529|-73.044235
-226.723862|277.754150
32.059605|-315.933411
499.000000|-471.358459
-310.065308|-353.568298
-248.000214|365.946259
-304.663940|-418.080414
381.729492|150.704849
-136.796097|-473.640381
-220.478348|304.773651
292.155823|-112.991692
87.227890|491.386383
82.181252|100.080597
-29.559738|5.553676
-339.372559|106.954926
418.429504|180.485306
-6.340148|-371.804077
-93.496552|264.823090
360.866974|-380.195221
-180.886368|-219.938080
-490.844666|221.604431
153.117477|394.930206
-184.289825|237.870117
-472.861725|474.426392
424.569611|-54.446320
-363.142365|-45.709278
289.739380|39.068520
256.111511|-298.068970
9.478663|309.682983
-178.713898|353.425140
