-124.773109|-40.090641
-273.311859|-407.782959
-163.511780|58.753914
-401.976837|-182.459198
-46.942627|479.750488
482.249664|234.724930
275.274689|164.592285
-29.334133|469.291748
64.560173|-485.420990
482.472107|-32.647293
24.936010|-373.802948
315.254700|-276.846344
-138.115829|-288.413727
-263.608307|-312.550293
269.791199|-497.362762
-414.292236|329.118713
431.199493|210.870224
-393.678680|166.680649
337.745209|-393.773102
-46.856430|-391.264557
84.870018|-489.545929
329.868896|-28.606361
174.452393|-348.878113
-203.517776|-432.258453
439.625671|-130.767044
204.838409|-310.675140
265.853760|115.886528
-335.726257|-140.160156
10.399508|97.922440
485.809509|-131.517380
-141.198181|48.931240
-214.473419|-450.028717
-171.065338|201.641266
39.125694|-389.624603
388.100006|171.210678
-38.359035|229.279419
191.099487|-247.475571
174.722275|-198.461243
-51.040493|15.469393
-164.759308|-242.996841
-450.997498|363.882050
36.829746|266.164185
-270.955597|151.111374
98.478729|-402.238647
324.058472|483.767883
-402.925446|350.831543
175.846100|-140.825729
273.349030|13.762493
138.250046|-58.678127
370.857758|302.257599
-72.918190|-332.448792
323.518127|-104.755783
331.562531|-58.463093
-330.408875|79.312042
51.387352|-149.747177
105.870483|402.403809
366.263611|-51.236580
-131.166473|367.472504
368.289948|-375.343018
334.949280|371.818085
-292.668396|-447.214172
120.063477|127.975266
213.053619|-183.003906
-483.525543|449.913544
-364.890991|-209.220566
-25.273327|-190.317429
289.443207|-90.342117
-25.454317|-286.656769
355.696198|316.788605
-83.908463|268.155151
433.667450|-432.818329
-497.743500|436.405548
498.388458|-112.079109
385.344604|-59.620457
-105.058472|-462.936920
152.577820|277.377319
215.845261|-162.040329
150.293488|381.493683
57.293655|271.067047
139.891220|-316.290375
-175.833298|-19.581968
-423.306091|347.264862
-394.585571|8.149538
-223.866592|-431.929504
236.632324|-419.650421
380.300354|-391.747681
-4.621352|-358.064667
99.146454|-311.932648
476.234009|-103.580353
-473.508179|330.572601
166.262405|-409.604095
-264.568237|-285.844086
418.825836|-477.391479
112.184143|-259.162598
482.702240|-74.706787
294.875702|469.965179
57.919846|85.919922
264.588867|389.577515
-5.440038|-395.574768
26.968010|46.244133
55.819374|-377.651459
105.228775|-469.853760
-218.845963|155.710876
-348.797729|-160.429459
-31.972166|-209.686142
-444.142487|279.589447
234.944473|327.442657
197.434265|-391.786713
-60.595188|-296.121216
-301.580872|111.320900
-108.212593|323.499054
186.487701|-411.348602
399.154053|52.853432
268.052979|-382.206726
52.075466|293.335175
-467.350403|435.992828
-120.029274|484.241333
19.709272|66.106354
132.042130|277.208588
-28.803581|-452.583069
-49.866741|-453.708069
-420.621307|-313.210327
-98.405228|-137.715942
-231.938324|139.190277
409.870544|229.762817
123.948830|-490.248871
-145.294006|69.069389
-204.186462|-130.011581
-307.455383|-497.335938
-96.479424|305.541016
368.257294|-128.342377
378.001099|54.185368
-290.590607|-396.900482
-244.581192|183.553864
-159.613800|110.779572
-449.663086|-225.543762
-69.988007|252.420288
-220.026535|-145.528442
328.942169|-84.199585
496.987671|-94.075050
-454.692993|-327.287292
-19.875126|105.766426
-173.939957|467.486755
375.061707|-355.499634
388.995575|20.559065
-257.630646|166.748428
188.868622|-328.893982
429.183746|-265.591675
47.095325|-170.404221
465.860718|-137.889740
-363.518097|-386.169983
126.610283|-332.680481
-168.198532|-222.911026
415.598785|486.595825
36.625950|-348.936005
-132.182159|106.624756
252.453400|-51.565418
327.411407|-375.595154
357.832886|-393.335754
-282.336090|86.298714
238.656570|-164.580215
-79.140091|-371.683960
176.660538|184.131989
-118.747673|-282.001678
-163.040283|79.183327
31.922157|443.736877
-184.959671|-439.484741
-483.836487|-123.178215
4.515742|-377.747864
-145.394409|339.213226
-498.468384|495.416260
493.707611|-390.461823
288.110809|-463.507996
396.491241|-4.863418
178.986176|251.548950
-5.473016|-292.684601
18.403013|27.518530
-484.023438|89.256470
-405.045319|149.138702
-45.372772|-282.318390
21.408102|425.443420
-40.596680|417.342133
-87.783257|323.896973
-237.407913|163.948166
-142.328598|-234.928299
-26.857927|-393.517792
-286.929199|-427.747742
247.354477|-72.074127
-102.540962|-2.688166
344.157990|-103.146652
-47.711155|-52.512554
-400.842651|-320.465576
-250.648773|147.484055
499.577789|449.956940
-54.038845|215.526062
498.112915|471.586823
-1.173076|115.518616
-322.921936|98.271889
141.739670|498.992798
-89.714066|-55.602680
-425.799255|156.060165
496.189331|-489.026855
-436.745667|56.701897
-478.615234|2.007682
-478.539459|-43.149414
-498.692108|-135.113586
-57.832691|235.386276
470.144226|-410.235626
394.243896|-214.980133
-75.523537|-393.408630
-366.653717|-336.187317
32.632404|300.192230
145.596619|-480.888367
396.305389|368.552521
-141.410110|393.695526
-243.612640|-438.544739
-95.459984|81.666786
17.351675|-354.823944
-350.970825|78.593575
2.948065|-339.959991
18.580036|7.103985
229.527512|275.222076
-378.133667|42.254181
409.413147|-494.859131
75.879997|-371.807678
-270.520874|-440.464508
-499.000000|475.510284
-217.633423|398.884399
-82.364380|-5.565644
-339.591766|-336.450043
280.886108|186.158554
-145.471542|292.447479
362.596375|-17.134180
260.744324|183.615631
-61.728161|-378.431335
-103.658226|-117.939339
451.696594|106.601196
-202.915909|-49.534065
-461.524017|397.516724
408.104095|167.042160
100.679810|-276.681396
-126.386177|313.577118
-300.086761|131.624207
-382.885498|349.251465
191.960129|-210.664032
388.128204|-371.014679
-147.335602|92.972366
456.655853|-118.804543
433.742950|498.064178
-160.535248|325.481903
49.948242|-255.435532
-12.129498|-415.047668
-271.083344|181.573441
173.307205|-219.599091
308.848419|-87.622215
-46.224831|-425.409363
-155.007004|-207.423294
-443.557800|344.868042
-273.064026|-264.645538
-388.537445|-100.875252
-116.458565|80.168037
109.934937|-378.630890
398.198975|-78.503799
118.546974|219.058884
-262.143829|129.878906
173.681122|397.532043
-104.557495|268.933655
281.496277|130.027893
75.169762|-218.206482
361.810211|41.159889
-118.666817|-59.526657
-233.096527|265.008820
29.264320|-329.906647
486.556030|-470.739685
-323.584137|-349.062531
-252.506393|352.427429
-307.326813|-431.636688
367.905090|154.160950
-125.396523|-465.089813
-207.732727|298.400696
302.572296|-106.449509
96.129791|480.258789
77.677849|113.600235
-23.186577|18.299084
-350.470978|98.752350
406.407837|187.824707
-15.732123|-376.073822
-94.953125|250.734497
347.638611|-375.513306
-187.312363|-232.656921
-494.301056|207.780029
139.810471|399.662384
-175.739883|226.470001
-480.961578|470.178101
434.069611|-63.946320
-353.642365|-55.209278
280.553375|32.750526
251.605331|-311.587799
-0.781657|299.809326
-169.215790|343.929718
