-122.412422|-32.972572
-269.270874|-414.090851
-156.415756|56.940655
-407.280182|-187.762543
-51.082508|485.999847
485.603851|241.433151
271.792511|158.913345
-33.494198|475.532288
67.874916|-478.693451
487.472107|-37.647293
18.396814|-377.036377
319.940063|-282.702972
-145.461075|-286.914124
-270.962738|-311.079346
277.067200|-495.543610
-419.160583|331.933502
438.314667|208.498550
-391.850616|159.406830
330.663635|-391.606750
-50.863583|-397.199005
83.463882|-496.890137
324.868896|-23.606361
179.755737|-343.574768
-210.546204|-429.647736
440.605103|-128.571594
202.896759|-309.942993
270.013733|122.127098
-341.582886|-144.845367
4.396885|102.418945
480.797943|-136.269028
-134.400574|47.286171
-219.855713|-448.003937
-172.835007|205.489059
44.434486|-384.327087
381.456299|170.907242
-36.553696|222.500885
194.958130|-253.906693
179.222244|-204.461304
-56.343800|10.166096
-167.969894|-249.769562
-452.823608|363.552734
43.944809|268.536011
-273.415466|145.806992
93.978760|-408.238708
319.558350|489.767944
-410.324402|351.977112
172.492065|-147.533951
272.128784|7.321756
136.431046|-65.954201
363.744812|299.879364
-74.389061|-339.803223
326.955750|-98.113327
338.338776|-60.136345
-337.273254|77.082809
53.207096|-157.023026
102.516373|395.695740
364.758148|-57.494545
-135.481689|371.047180
361.307220|-372.611938
341.657349|368.463898
-293.608032|-454.651825
126.303864|132.135574
209.699280|-176.295837
-477.571594|450.543610
-358.650757|-205.060257
-27.080845|-183.039063
287.518951|-83.984108
-21.101843|-292.735718
348.585999|314.402557
-82.842659|260.875732
428.364105|-438.121674
-499.523438|430.999207
493.997803|-116.388275
384.439667|-62.908142
-99.146042|-458.334381
157.024521|271.338531
212.475708|-155.340240
143.176880|383.860992
64.439163|273.343536
133.650681|-320.450409
-180.833298|-24.581968
-430.547821|348.803436
-401.940002|6.678667
-231.098251|-430.747528
233.278290|-412.942352
373.336243|-388.963440
-5.893666|-362.039825
94.146454|-316.932648
477.009430|-107.065231
-470.153992|337.280670
159.107620|-411.805450
-257.860168|-282.489899
422.492737|-470.858124
105.067764|-261.530518
488.227264|-77.540489
291.521515|476.673248
56.100845|78.643845
259.903503|383.720886
-10.535816|-399.369568
33.873333|43.473511
61.915333|-373.289368
100.228775|-474.853760
-215.395493|152.095093
-351.169556|-167.544632
-33.792263|-202.410294
-440.788300|286.297516
230.259262|321.586029
190.319092|-394.158539
-56.182381|-302.183960
-299.197388|104.209930
-113.165192|317.874969
179.372849|-413.721222
405.414307|56.983215
261.089478|-379.421387
56.068626|292.763794
-470.374634|430.420319
-122.400948|491.356506
26.497526|62.931599
136.537979|271.205505
-35.918571|-450.210938
-56.941978|-451.229645
-416.764893|-319.642883
-100.157097|-145.004135
-229.576248|137.609604
416.110779|225.602509
127.511925|-492.361237
-138.911301|67.209854
-202.715515|-137.365982
-301.215149|-493.175781
-101.740547|300.708801
374.965363|-124.988274
379.880920|46.925186
-285.594177|-401.898468
-248.227737|177.373077
-156.265869|104.068298
-456.778259|-227.915436
-68.745850|245.174408
-227.141602|-147.900391
327.699646|-77.049896
494.632721|-96.687927
-460.933228|-331.447449
-19.484743|112.435982
-170.081314|461.055481
368.186768|-352.541534
383.785217|16.490538
-259.084503|159.742203
190.876526|-325.708618
427.364594|-272.867676
48.952618|-177.670197
460.073914|-136.892914
-356.810028|-382.815796
120.378860|-336.831940
-171.403595|-229.690109
408.318726|484.842834
42.938179|-349.638123
-125.092026|104.537132
247.768036|-57.421856
320.412781|-373.303253
350.973541|-390.441101
-280.516937|93.574791
240.129044|-171.934235
-78.353271|-370.549438
181.660538|189.131989
-126.101952|-280.530365
-155.851974|77.354279
25.681412|439.577118
-191.174698|-435.286865
-488.805023|-121.765747
-1.466823|-381.505127
-139.344299|334.788177
-493.047363|496.589996
499.707672|-385.961700
295.225983|-461.136169
389.408722|-3.182129
184.289520|246.245605
-0.811965|-288.719055
13.100312|32.818546
-477.783203|93.416702
-403.312714|141.862900
-40.972427|-288.390625
15.189434|421.256317
-34.596695|421.842255
-92.760010|318.901642
-238.996750|157.321396
-145.114090|-241.891800
-30.987783|-396.890045
-288.789581|-435.007965
242.705978|-77.953659
-109.602951|-5.045726
347.680237|-99.052948
-55.065510|-53.983425
-394.909790|-316.006470
-250.719742|140.129272
-499.352997|452.616180
-54.263870|208.060837
493.006622|466.275146
-1.275507|122.385811
-330.046051|95.927414
146.432892|498.841309
-96.677643|-58.388103
-419.799194|160.560135
493.889008|-481.888367
-430.745605|61.201904
-474.455078|-4.232696
-475.185272|-49.857635
-498.503448|-135.688400
-56.134335|228.346359
465.144226|-405.235626
398.404053|-208.739746
-72.014107|-395.927521
-371.957062|-330.883972
38.793713|304.467072
151.442978|-483.215576
401.608734|363.249176
-145.073578|389.756805
-249.678345|-439.355927
-102.423088|78.880157
22.974112|-355.088654
-357.829041|76.089989
1.277318|-343.724854
13.273550|12.404096
236.235733|271.867889
-372.830322|47.557487
414.084686|-488.993195
82.963005|-373.157867
-272.394135|-447.631287
498.690430|481.220825
-210.357422|397.065247
-89.478966|-7.938972
-346.708588|-334.085815
284.011078|184.626923
-152.435043|295.232819
361.125427|-24.488535
264.866486|177.513947
-59.472050|-379.272339
-105.477623|-125.215332
444.988525|109.955307
-197.915909|-44.534065
-457.023895|403.516785
401.668945|170.894318
93.577225|-279.075378
-132.046936|308.781921
-297.714691|124.509186
-389.999420|351.626892
196.451279|-216.670273
381.164917|-368.228516
-140.243408|90.720070
458.579163|-115.503647
437.160522|491.467224
-154.454803|321.104767
45.788010|-249.195145
-8.846258|-421.122040
-269.292755|178.116653
177.809418|-225.597351
307.845428|-82.264214
-53.339966|-423.037537
-158.360519|-214.131821
-450.660156|342.995544
-279.771606|-261.290314
-394.394073|-96.190041
-122.454971|77.949577
104.078384|-383.316254
395.613068|-80.647469
120.365974|226.334885
-266.539734|126.191078
170.327087|390.823975
-103.417015|261.588226
285.882385|136.095291
81.169746|-213.706512
357.024109|46.843391
-116.409485|-52.383434
-236.450562|258.300751
27.816257|-335.714783
482.708221|-464.302551
-330.699310|-346.691223
-254.878067|345.312256
-309.216553|-438.675049
360.629089|155.979950
-119.396889|-460.589355
-201.024506|295.046509
306.217743|-102.645187
100.815002|474.402161
75.306175|120.715332
-19.832466|25.007286
-357.084351|96.047615
400.008209|191.713776
-22.421881|-378.869141
-93.573097|243.491638
340.774475|-372.616302
-190.679459|-239.358627
-496.120209|200.504028
132.688065|402.003021
-170.824158|225.822540
-483.044281|472.108215
439.069611|-68.946320
-348.642365|-60.209278
275.240570|27.456776
249.233658|-318.702972
-6.084964|294.505981
-164.216751|338.931580
