-427.071472|-43.143555
-31.446995|-165.690231
490.934296|3.826062
-133.485825|79.701302
-48.049610|230.891617
282.093414|64.155144
-493.669312|375.019379
152.861206|190.181107
27.377905|168.473694
246.266266|220.019119
310.731781|-224.354385
168.480103|-76.957573
-176.247406|-494.748566
89.323334|-408.742462
-90.466965|438.876892
-195.583542|65.098564
72.682152|326.485504
438.510864|443.571411
268.646759|439.696289
42.436432|-390.812653
129.977081|-177.910095
-464.878937|-127.878616
-50.535278|-367.054321
-191.996368|277.538208
264.923828|-281.097443
-495.499573|-108.800926
176.491272|-96.480141
-44.296494|73.990356
307.753540|-121.277870
-316.238831|137.060684
-471.240631|-65.342751
-36.876350|248.760208
-88.776299|-164.461197
121.113907|430.106873
68.339447|286.582611
92.531960|460.588257
38.727673|60.439236
-39.470711|103.651619
85.987091|275.147827
8.466887|-193.408768
462.345703|-338.248199
-271.960266|143.034286
-111.128868|364.648254
323.091797|-108.132317
-497.276245|227.050842
-441.828369|240.074615
344.708313|159.691727
100.117607|-287.022522
247.060135|301.577148
-340.603882|467.076263
-62.314423|20.904146
267.391724|-329.963623
44.866486|40.356537
-315.112366|-170.189575
-30.308510|214.778839
275.445770|-263.941986
316.199310|298.495392
46.469814|160.954163
-307.119751|-378.227295
-3.209970|-471.554504
-446.271484|-337.749359
-167.121124|-18.319637
388.721588|484.607513
-207.605072|350.007111
351.682343|-407.424652
240.886688|-237.520233
10.964331|-273.650848
104.428650|15.309982
-349.981873|486.933899
-16.792101|-390.208221
-337.573639|-159.665268
-251.673477|360.785004
-238.461197|27.657948
-396.395599|51.724289
-47.342468|203.484451
-24.526138|-413.194458
408.234711|-472.550079
-489.053162|269.853638
57.095089|9.807700
408.456665|-103.389114
72.502754|214.894135
-315.622803|-405.092346
-64.154984|60.038029
-333.826416|288.168671
387.424255|244.222885
-320.706818|-455.957367
-150.119476|-37.217533
329.510437|-62.927277
-406.783539|175.955627
338.565857|15.781627
50.168419|-167.596710
402.999878|-452.111359
115.897522|-460.750885
408.018921|-205.578979
258.476807|135.376816
447.118988|134.748535
166.412552|404.598206
223.092056|-351.651398
124.805389|452.361816
-193.756653|191.308304
30.276491|499.235840
358.292023|-223.322769
82.281387|360.527496
-215.771072|140.855347
119.293556|-481.093414
-444.779907|15.139565
468.103943|-381.611938
-487.776703|-250.319916
-294.789795|-20.910555
-477.774475|70.381561
21.304386|-390.840790
-455.219666|-290.410339
129.949341|-91.116722
-422.119171|-452.421478
319.241852|119.176491
-157.631805|-487.475128
30.185547|148.449707
-237.895523|234.050919
-65.641777|-425.948914
331.625977|423.791809
169.267776|302.342590
382.835052|14.191422
71.970985|-159.743317
44.121010|276.838898
105.785080|443.690063
-124.785004|-424.780334
-430.030579|156.533524
-276.985992|232.373016
474.953979|359.604492
21.713779|312.622803
160.103012|-261.885010
284.192841|422.801849
-458.605591|-164.129395
-4.831569|436.068420
-291.335388|418.888733
-86.789696|-104.588402
44.163910|-485.834137
-253.730103|152.697632
-400.141602|-259.459991
-329.945435|159.534836
-176.029007|-101.256485
-25.853376|-184.888397
-359.916687|-209.220871
-427.099121|-215.531067
381.471527|151.597504
-18.638454|414.524994
-69.643578|435.713715
497.726593|86.022408
-91.481659|164.511261
425.652618|-432.787567
488.590668|474.516174
347.716431|-428.363708
-256.506165|41.378910
-245.854736|-424.621246
241.623444|-129.865250
-372.943359|372.415039
433.384491|165.002762
241.398621|-166.034698
-448.640259|404.742737
-339.036163|-180.150330
157.871201|64.689468
-350.691681|-255.466705
-74.184258|-72.187744
141.185150|-397.043060
-449.822418|151.268692
343.423126|-388.499695
5.046019|326.599426
-224.854767|-17.655277
284.133972|-408.669617
-335.774475|-469.412567
235.261826|-389.895172
229.325165|-482.341339
-44.947048|429.853638
-336.458374|-26.578949
-83.656258|-484.221710
279.104126|-385.331909
267.952057|-156.805893
290.656097|84.357887
360.602112|341.311218
-253.912598|-8.999153
133.451477|198.676224
-326.844574|235.154694
148.940338|-431.401733
48.270424|380.248749
8.566646|19.898840
-153.862625|455.458588
-229.489883|-140.510605
433.825226|-334.039459
140.542435|138.441223
-422.686310|-330.114685
295.349701|-97.744392
338.720642|450.250946
41.176147|307.018372
-423.088348|-361.133636
173.256287|94.743401
-169.435623|-470.363007
252.980789|251.686584
-20.331715|233.941269
-4.507929|494.037781
259.960480|91.770828
278.939697|-0.948739
396.251648|280.513489
282.889099|-47.122086
463.796173|277.114136
304.540436|3.067708
-236.694000|-249.849731
199.717163|461.509766
-341.499756|378.061646
192.970032|496.024628
-403.024780|-491.095703
-96.183594|392.394135
-82.450569|51.211491
-43.011166|-209.264236
171.158218|-375.953979
-46.152088|-265.626892
494.217621|351.152222
238.717041|188.153275
-231.990219|-461.961761
-437.815186|-167.688690
155.408768|-1.533111
264.411713|-191.986282
-35.187721|325.485687
400.910004|-224.678925
178.201263|-429.544281
-51.801826|-164.491150
-165.979019|-186.579300
370.085571|278.272034
421.383514|485.538574
272.453247|108.651680
-245.585251|-33.108189
-430.397644|302.082550
100.799072|403.126678
418.873535|251.856110
10.817859|374.187958
-281.618530|-264.362701
-10.080293|251.574478
-318.859863|58.614918
-407.384949|-285.621307
312.094849|100.483131
-370.691711|-36.110043
442.670685|-279.128723
-327.989014|-436.824127
-447.619598|363.128845
-78.158928|253.953842
-20.947739|93.616814
-317.335175|-478.691803
-472.224915|156.876968
262.633820|-372.362640
185.683914|-339.566040
-463.961670|239.651108
233.397552|427.235962
-300.672638|-271.668793
495.911530|398.808441
-42.256947|52.606224
297.196747|-32.144928
289.038788|462.417175
34.790977|-42.926537
-336.116394|-400.247650
49.137241|-410.036713
-83.300278|-311.965454
-148.748627|335.964417
369.128998|-154.635117
-295.667450|-291.535950
-129.258469|-35.033333
-321.112366|-45.189732
344.267303|-271.678680
-55.407516|-445.798615
304.708313|-175.691727
-153.887207|-345.721039
-447.400635|-221.279633
-335.055939|-239.719452
-66.291512|272.692200
82.389503|34.746525
-177.172150|-328.628387
-64.649437|-319.134186
-130.485016|-285.409393
-482.775391|-199.894257
-323.958679|87.331383
-83.486206|219.120697
-360.642578|469.322723
209.068237|-318.750519
-97.602455|-327.112122
198.132172|-196.964096
-152.527451|-203.559814
-160.391815|299.203339
-264.807587|186.626862
165.875183|-126.133591
62.650944|29.478378
-339.683105|-420.609009
-273.930756|-23.449398
-424.161316|-432.127563
367.284363|-421.935974
-403.220795|339.734131
-308.239990|-439.793335
302.322784|140.291977
395.910736|196.445831
-449.895172|284.738098
391.769867|-91.320747
310.727661|275.062012
-410.567413|-471.248230
