-197.413620|-98.232498
-204.765045|-327.837677
-279.219849|88.039154
-311.828247|-101.027260
23.021444|378.059082
426.905579|124.039284
353.371124|239.362488
39.308079|366.324310
22.868856|402.396729
417.053406|49.253555
67.315033|-297.545441
265.589508|-205.130615
-151.085510|-363.731415
-148.734940|-343.019684
151.326874|471.199341
-327.479797|264.803345
314.855072|246.165634
-462.423218|248.998703
430.922272|-437.453491
-47.801983|-351.268005
111.783035|-379.468842
403.415741|-18.458477
116.668419|-399.438080
-158.422668|485.114349
366.755737|-209.759293
303.820435|-236.398972
197.217438|12.914950
-239.092316|-62.854160
109.053574|25.439972
-428.402435|-68.096832
-255.950638|78.183037
-148.888199|467.189697
-145.258942|85.450005
51.467548|-456.564392
313.812836|204.759750
-8.978333|255.314713
127.431870|-141.362061
100.473267|-99.460220
-12.657068|102.548721
-86.023178|-209.443527
-484.038971|469.895996
-36.608139|227.356430
-182.502808|224.712158
173.310303|-312.661102
351.123962|412.471436
-290.528259|317.291595
234.889603|-35.552197
223.431229|-74.866287
168.263550|61.377106
488.132599|338.801544
-68.066628|-219.966324
310.553802|-180.289825
233.210587|-56.413265
-301.278839|68.068970
21.366375|-29.693840
163.786697|-490.238647
378.960083|47.472511
-64.596207|347.578491
471.920990|-409.640717
224.265411|427.162170
-266.271362|-354.668335
40.097755|116.878799
273.509186|-284.631592
-393.707916|456.076202
-465.926758|-278.908112
18.521536|-283.793945
232.055649|-164.808258
-50.820461|-191.691040
472.914948|353.260284
-61.999989|382.384369
-478.737885|-348.771454
-414.333160|457.076477
-408.839020|-63.593910
427.328644|12.215181
-131.973648|440.461823
78.296509|376.333954
272.081055|-263.504395
267.725311|344.123169
26.459507|196.782913
242.859589|-247.648376
-93.333290|62.918030
-434.285736|449.841156
-293.822388|-0.855545
-290.695984|478.401276
273.663422|471.052216
470.633728|-430.342621
-32.144577|-259.903259
181.646454|-229.432663
-459.415894|2.534411
470.439545|219.888641
222.068481|-355.852112
-375.307709|-340.365936
323.637238|-485.465118
229.594376|-220.061157
409.071014|1.126695
350.219788|359.282043
92.304611|199.057312
339.816803|487.245911
42.769146|-381.615540
-34.587299|49.783306
75.784637|-401.231873
187.233978|-389.714386
-128.802017|234.671722
-310.433838|-44.341324
16.848701|-304.422455
-498.575867|168.823944
312.252167|424.077026
314.834625|-352.651581
-123.661575|-207.014999
-343.796204|212.334900
-35.057293|402.496826
299.868042|-371.216705
308.553253|41.516968
382.950745|-428.164825
109.992989|239.582291
-364.800568|472.712311
-77.664352|369.255066
-32.513485|105.581680
57.810844|376.222351
88.593620|-491.723663
67.563515|-492.645386
-483.179565|-207.683960
-68.731422|-17.691734
-136.481354|215.108292
306.906677|298.406372
67.859863|-420.005951
-263.631073|101.226151
-234.474701|-12.311427
-409.622345|437.133362
-52.083214|363.864929
257.573944|-183.684174
346.953949|171.779907
-348.313202|-324.445190
-157.188095|256.824585
-187.464401|192.069275
-332.262726|-186.411148
-36.644825|349.562531
-222.202164|-29.548918
406.792023|-152.668503
-421.016815|-46.440605
-387.807648|-243.315720
-36.771954|-2.099636
-226.423431|-427.277588
458.314850|-347.696350
444.874329|74.265724
-169.501465|240.466599
113.892632|-420.315643
434.118774|-161.850266
17.237106|-50.378616
482.760406|-238.253082
-470.440186|-442.047943
229.435287|-263.910736
-117.318932|-132.446716
-498.175354|-474.762177
64.694351|-261.408020
-213.334183|187.765778
327.858215|34.235329
345.942871|-341.001007
450.206421|-444.060059
-303.506317|-19.602875
207.651520|-61.812363
-183.120255|-335.179688
94.160538|101.631989
-69.353806|-327.932648
-282.248444|108.309601
131.514343|-491.831421
-136.848312|484.378540
-390.671783|-72.615211
55.241844|-332.510559
-249.234360|370.902649
400.145782|470.200287
420.370758|-454.826447
170.880020|499.921753
436.278229|35.082218
91.481506|339.054138
52.387333|-312.334808
101.862900|-50.115051
436.082489|55.433846
-474.875275|232.121292
-86.471817|-189.126328
84.269699|402.251556
-130.413788|338.145691
-14.664825|404.123627
-149.692825|237.318588
-101.109390|-120.062180
-58.678471|-368.297302
-260.660126|-334.767761
310.164063|-115.008942
8.218055|25.470604
421.834625|-178.997925
73.635704|-28.243181
-487.892242|-365.667480
-163.106155|220.523621
-425.252411|474.162048
1.500199|237.553345
-405.414825|476.045349
97.731842|44.685539
-230.252884|140.995621
62.300022|-438.806396
22.137316|-6.827945
480.930664|87.351151
417.661896|445.114380
469.323853|31.008051
457.415253|94.619362
479.778992|49.153988
-402.193634|-90.049446
-5.098553|334.413513
486.782440|-466.425964
325.601318|-317.945007
-186.060989|-387.240051
-279.148529|-423.692505
8.296046|207.379379
96.248909|-393.986969
311.740356|454.215088
-102.277222|-488.112823
-311.067780|476.590759
15.461599|127.582870
-6.821248|-352.119202
-321.045258|62.909229
59.217434|-241.737579
106.969254|-69.841980
118.841858|330.566162
-442.001617|-46.285080
338.509888|499.000000
7.607093|-336.750305
-245.986679|-349.837219
397.747803|449.779633
-337.687439|428.900421
28.516687|26.886642
-278.292877|-276.666870
332.285370|234.785706
-30.648430|262.884399
423.995331|74.474861
178.438431|271.600555
-90.241280|-325.798553
-73.635582|2.113608
498.755371|43.050728
-283.580383|-131.152878
467.912537|301.253418
-498.981812|97.455025
218.054001|-237.579590
-205.616486|402.245911
-342.927643|233.341293
-270.500549|314.649506
117.650002|-111.761887
491.382813|-422.784637
-265.005096|121.385117
409.108521|-197.450134
343.626770|-480.275391
-269.657227|335.545319
118.592079|-358.399414
-68.999115|-350.630493
-348.313080|262.556641
100.849892|-123.697327
249.239807|-153.902512
71.197525|-460.503876
-100.081726|-97.065788
-454.287567|455.730896
-166.120758|-323.766144
-290.200073|-158.203201
-9.431203|122.893631
184.622360|-330.064453
497.199982|-152.753296
61.083302|118.170372
-246.422531|113.247704
219.868225|-490.813080
-24.954655|327.459808
210.127975|29.285664
38.390648|-225.398712
427.251038|-7.860697
-188.814194|-117.412560
-177.754959|375.691956
50.282612|-208.949615
-417.412933|-424.722595
-268.123077|-295.052124
-213.373779|469.827789
-280.361572|-339.990265
488.085785|135.902267
-151.671555|446.960083
-313.048706|334.594452
231.437805|-192.258179
48.341106|-415.001373
113.100502|-1.614585
-48.703514|-54.207092
-248.582184|133.813293
-494.936188|146.293137
36.474869|-298.984131
-22.216240|239.915985
449.216461|-423.156189
-104.210274|-200.177750
-464.285034|327.834045
256.049744|361.079346
-249.989441|325.470947
-385.512482|474.722565
354.027435|13.990398
-436.142365|27.290718
368.321808|114.094582
283.293579|-195.068054
100.596939|258.348907
-261.306671|354.709839
