-136.690735|-75.616653
-259.769592|-382.518036
-199.458038|66.198830
-375.460114|-155.942474
-26.059319|448.656799
465.478729|201.183823
300.731964|189.046280
-8.533876|438.089050
49.651909|480.622833
457.472107|-7.647300
38.570808|-343.802032
291.827881|-247.563416
-104.282982|-295.682800
-226.836166|-319.905029
233.411194|492.703491
-385.418671|324.761047
395.623627|222.728592
-403.032410|202.981812
370.880829|-404.589294
-44.610107|-371.118683
85.270279|-455.694580
355.541229|-35.039104
147.497986|-374.812317
-173.719666|-452.945282
422.676636|-152.559570
234.838715|-288.174530
245.053391|84.683968
-306.443115|-116.734093
40.400551|75.423820
-498.313293|-102.245171
-177.080383|57.494717
-194.690811|-463.824341
-161.970398|165.261200
12.239644|-409.068817
395.637329|177.485504
-32.123894|264.963226
171.806274|-215.319962
152.222504|-168.460968
-24.522943|41.984886
-148.021530|-209.483704
-466.881134|386.950470
1.254358|254.305054
-250.318039|180.996841
120.978600|-372.238342
346.559082|453.767578
-369.290039|337.374420
192.616272|-107.284622
261.726868|-9.787399
147.345047|-22.297741
406.420288|314.155334
-67.242638|-295.715942
311.293335|-115.396545
298.022186|-41.692547
-306.177124|102.208298
42.288628|-113.367729
122.641037|435.944153
357.235870|-14.839474
-104.369064|344.562744
403.076385|-389.306244
301.408936|388.589020
-281.870575|-411.919495
88.797066|107.277527
230.275574|-214.947083
-467.339264|464.713806
-396.092163|-230.022110
-16.361002|-226.716202
267.068390|-112.000496
-46.675961|-259.566376
391.251862|328.698456
-78.432320|303.693787
460.187775|-406.305298
-487.048706|457.183014
-478.265198|-92.155167
376.312622|-23.300503
-135.097321|-485.358215
130.088669|307.379181
232.796234|-193.910187
185.881195|369.671753
21.435057|260.099091
171.093811|-295.489716
-150.833298|5.418030
-429.024445|371.667633
-357.813416|15.503893
-236.197968|-458.084869
253.402252|-453.191010
415.120789|-405.668365
-13.296260|-331.443359
124.146454|-286.932648
495.527222|-71.424362
-490.279114|297.032257
201.772751|-397.765747
-298.164917|-301.792786
389.763550|-485.250092
147.763474|-247.315079
452.701935|-52.206841
311.646637|436.424835
71.826752|119.124283
288.015686|418.860657
-3.235317|-370.179626
30.235975|22.314581
41.664295|-401.146179
129.733978|-447.214386
-199.239029|185.104431
-336.938599|-124.853630
-22.873293|-246.065613
-460.913422|246.048874
258.370605|356.725800
233.010132|-379.927582
-81.548981|-268.571259
-313.365967|146.889465
-85.296967|351.953735
222.061630|-399.485077
374.665710|70.891891
302.870483|-396.133423
32.809723|278.076538
-449.044678|456.531586
-108.170906|448.665466
-8.169655|67.489700
109.560730|307.222656
6.771267|-464.444000
-14.284913|-465.530060
-438.397247|-281.383484
-89.424286|-101.328613
-206.387680|165.334473
378.669373|250.564362
93.243645|-475.305450
-181.694641|77.298874
-211.541794|-93.240036
-338.656555|480.877411
-77.536530|332.696075
334.716400|-145.111816
367.567932|89.573799
-299.992310|-377.587402
-223.478867|214.550217
-176.383972|144.320679
-414.087219|-213.685394
-63.866253|288.704010
-208.538666|-114.069511
331.590637|-113.159630
-480.688843|-72.064148
-433.493622|-301.714081
-31.733685|70.190941
-193.233170|-499.801147
409.855255|-369.363281
397.266632|52.229385
-237.593994|196.603836
166.368774|-358.894287
438.279510|-229.211670
37.862217|-134.079437
461.268372|-157.413940
-397.058441|-402.940918
157.786606|-311.863312
-151.343185|-189.417755
424.118561|-494.685394
41.556705|-317.389374
-167.372299|115.549042
276.214355|-25.263472
362.632599|-384.741638
391.147034|-406.250732
-291.431854|49.918331
224.030472|-146.435165
-112.395355|-366.202698
151.660538|159.131989
-85.919525|-287.129761
-199.752319|86.776413
63.125793|464.535522
-154.851730|-460.501251
-460.813812|-102.282661
33.122707|-382.363525
-174.239349|362.933350
473.988373|499.000000
476.928192|-419.713745
252.534958|-475.367126
432.067108|-16.721970
152.469452|278.065674
-18.019587|-282.650024
43.846394|7.250032
483.979706|68.455566
-414.373016|185.428452
-66.270630|-255.410782
52.446671|446.386749
-70.596603|394.841522
-65.091583|348.882111
-217.678802|194.657486
-128.401138|-200.110794
-14.216579|-387.685150
-278.419067|-392.418274
269.821045|-44.329655
-66.670563|7.004909
362.774780|-128.942627
-10.939378|-45.158199
-430.489502|-327.537292
-230.301682|177.083252
499.043457|468.875610
-50.143162|251.729370
-481.179749|480.875824
28.732725|92.925308
-301.683014|122.333977
110.734047|-487.008484
-54.896194|-41.675552
-455.799561|133.560318
493.286407|482.308441
-466.745972|34.201859
499.822968|33.209545
-495.310394|-9.608371
-479.080780|-112.789490
-51.704609|271.613190
492.700562|-433.026703
373.443115|-246.182068
-108.112938|-386.521240
-340.136993|-362.704041
5.631063|278.994568
113.829216|-467.140137
369.788666|395.069244
-129.551743|429.271393
-256.120392|-462.409363
-60.642712|95.595406
24.783340|-329.066925
-327.225586|102.032516
20.539360|-308.694214
45.710892|-13.044837
195.986404|291.993011
-404.650391|15.737648
403.869293|-499.107330
47.430882|-366.936157
-262.706757|-405.740692
472.801819|480.898682
-254.013428|407.980164
-46.610989|4.166447
-305.526978|-351.575256
266.228241|204.425827
-110.531151|278.863770
370.003540|19.626713
239.426895|210.612091
-91.474869|-374.082733
-94.560883|-81.559532
485.055145|89.520790
-227.915909|-74.534065
-479.649475|370.210815
439.140503|149.460709
136.262589|-264.884613
-144.628021|341.257446
-311.947327|167.199265
-348.878632|337.239197
169.479904|-180.654312
422.944794|-384.945129
-184.044968|100.571663
443.238678|-147.800613
410.435699|-480.080780
-189.717880|348.984344
70.749405|-286.636719
-33.488647|-394.819885
-295.930237|206.406784
150.988022|-189.642654
287.472260|-109.770248
-10.488364|-435.786469
-138.238800|-173.881042
-448.993805|376.008484
-243.037827|-284.775146
-359.250854|-124.296860
-81.727211|94.124878
139.526184|-355.636322
428.199280|-101.003647
109.451973|182.678879
-237.373123|157.244888
190.451294|431.072388
-90.735657|286.820648
260.895905|98.737434
45.169838|-240.706329
385.759338|34.935413
-130.534836|-95.099121
-216.326355|298.549164
36.925293|-293.204559
-478.921783|-462.723907
-287.990631|-360.866425
-240.648026|388.003296
-298.298279|-398.251495
404.285095|145.065948
-155.395309|-487.591522
-241.273834|315.171631
282.532074|-129.019135
72.703735|-489.677795
85.826256|80.209312
-39.968452|-15.236245
-322.781830|122.018883
430.160645|168.444336
-7.734325|-351.341492
-76.475372|271.920227
382.432617|-387.593872
-170.265991|-199.256180
-485.205292|244.160034
174.993683|387.636475
-198.239731|256.470306
-458.198456|482.610565
409.069611|-38.946320
-378.642365|-30.209280
306.179749|55.508770
263.464172|-276.011932
23.509722|296.835297
-194.209229|368.909790
