-289.124481|-75.442474
-141.075409|-267.127777
-365.440033|74.254982
-249.629074|-36.440956
79.423439|307.184784
373.048340|74.252045
431.998077|291.781067
93.427223|292.567657
3.460227|323.217590
355.766266|110.519119
156.976227|-267.693268
235.051880|-184.394180
-207.922607|-438.819885
-68.362144|-372.957825
59.648556|448.278015
-274.724274|189.837555
228.503860|274.542511
-490.098206|335.535736
415.442688|-488.951630
-104.273994|-317.340485
94.005852|-333.683167
423.059052|-22.203079
58.486706|-358.422882
-117.553284|401.590820
307.401245|-267.425995
372.565002|-206.794479
150.165787|-66.130516
-165.300720|-3.820499
178.971390|-34.699108
-394.109680|2.857357
-334.577606|25.764076
-106.229942|384.726013
-122.339539|-6.228537
135.568878|-485.986847
224.161667|234.642838
22.838053|316.269287
118.924461|-70.170113
58.120811|-27.978289
-16.373161|156.093445
-141.142242|-144.059006
-495.060669|-445.979797
-125.972511|197.715897
-104.199883|271.358368
228.572342|-236.553528
407.825500|336.870667
-289.410522|290.532013
277.293060|48.623413
180.828812|-154.747269
191.182953|153.055420
-437.474274|381.384430
-87.677658|-138.157867
275.887054|-210.297913
160.302246|-43.516060
-343.466461|-16.441338
5.425606|61.026974
202.563354|-411.104828
356.038757|139.150970
-9.231504|303.332397
-458.982971|-422.875214
141.096863|469.856201
-292.585327|-304.189606
-34.457035|65.871056
315.870148|-367.570770
-304.618988|476.722687
478.730377|-311.677948
89.184639|-290.851624
156.234253|-200.138062
5.879592|-116.090424
-450.432739|396.966675
-42.647129|471.059967
-412.151672|-282.227386
-325.626465|476.412842
-318.619873|-56.595901
480.175629|30.647480
-102.393356|350.711243
22.687052|449.183533
314.739380|-346.397980
356.446259|316.584473
29.863228|126.297478
291.404999|-197.762787
-30.781895|125.715744
-353.738190|489.836853
-209.521225|21.103443
-358.451141|413.487122
313.967560|391.129852
-446.701691|-439.143738
-74.406372|-175.379761
244.645645|-166.434875
-433.207825|86.208595
425.594971|142.611115
155.268936|-289.007813
-459.829376|-382.628693
238.839310|-468.156036
295.279907|-218.189651
360.402222|31.811951
392.484558|274.761353
115.223717|290.735046
274.348816|-483.743805
31.563347|-444.516632
-49.512184|116.759613
20.867338|-461.699738
250.233978|-326.714386
-50.498917|287.519470
-278.635284|44.379501
73.468323|-336.159668
-444.931122|122.810829
369.753998|498.534210
355.985016|-302.262543
-187.542206|-138.813995
-410.517273|147.226135
4.738986|485.147736
387.933777|-340.815887
266.613556|-0.007483
462.789795|-470.597321
194.550095|197.388123
-272.135925|491.251923
-26.869728|292.804321
-115.373260|147.874741
-2.859354|443.862213
175.801331|475.727478
129.963715|452.506531
467.339325|-126.651810
-55.341724|-71.930222
-58.584663|268.156677
228.279037|350.824341
0.691645|-464.221466
-351.318115|89.828239
-253.003128|80.354340
-470.219879|389.859497
-43.214741|433.270172
208.173828|-235.058807
324.032623|263.457520
-411.313202|-261.445251
-91.175568|307.492279
-229.725220|276.592499
-242.611557|-156.528061
-8.639766|422.981415
-240.929993|63.034256
482.371033|-206.386688
-385.318604|25.696884
-309.185150|-190.888672
-71.569809|-84.398331
-275.042328|-346.243530
483.578186|-282.321259
408.234283|90.866203
-91.745087|286.825897
53.967831|-476.199768
457.902618|-73.327408
-2.388131|41.524494
496.352875|-322.071167
-457.591492|-463.051788
283.273315|-307.252930
-125.069511|-56.553734
-405.506989|-456.242035
109.080284|-185.164764
-265.753723|266.394409
340.021790|61.467819
284.761841|-284.279541
439.570404|-488.923645
-272.056305|-62.354973
191.671158|-92.483414
-233.334137|-308.278107
35.171570|37.348110
-19.875351|-364.829315
-373.712463|130.678665
208.492264|-445.505829
-95.041046|402.373932
-298.447327|-54.102566
140.852234|-334.060242
-310.830353|431.651001
336.585449|-485.873871
350.909943|-497.259918
110.994820|480.814575
-491.931366|26.066050
20.366062|393.684235
137.807907|-302.294556
160.045746|-83.461327
396.032837|74.481697
499.000000|321.296631
-151.097794|-125.207596
100.617500|316.236359
-206.014557|281.444153
48.229996|467.124237
-71.513062|287.003784
-80.553108|-65.487015
-87.922691|-412.230225
-292.356537|-283.561707
352.439362|-199.526123
97.870300|55.133049
484.010071|-226.905273
164.495544|-19.675985
455.837219|-434.597595
-84.576378|267.592163
-379.434723|-488.338409
66.044426|176.539597
-317.122620|494.755341
154.431458|120.285347
-140.946732|170.731796
1.107860|-484.720734
109.882866|28.257263
405.282928|55.468872
433.392883|360.850708
395.816254|-22.237652
414.988220|165.245621
409.769928|-7.382704
-327.802124|-113.185257
72.196701|358.849976
-442.487640|490.173431
294.996521|-394.715546
-264.689667|-439.658020
-212.326385|-490.514648
10.748597|133.293289
53.209087|-339.196442
248.006989|-490.014587
-72.943855|-398.307129
-378.794800|411.820923
86.215904|127.151031
-89.763817|-386.515839
-363.217712|-21.658836
94.407417|-154.035156
160.907455|-103.782562
83.809181|328.414215
-482.029297|-108.681450
265.372650|-498.836700
-53.756859|-306.769073
-275.122955|-294.398041
414.759491|370.362732
-425.380737|456.613434
118.165504|56.775444
-254.111954|-186.506302
409.505188|262.242920
17.921034|296.142944
384.929443|91.727592
110.025467|334.940887
-125.477776|-313.473938
-49.870026|92.218048
-433.924042|65.207367
-330.191559|-193.803665
411.210999|225.652649
496.131714|49.384190
292.652679|-238.908951
-272.426941|469.079498
-395.676605|207.306549
-225.211227|300.220398
76.846848|-37.726845
-437.359802|-462.062927
-352.557709|130.553604
346.108521|-260.450134
259.376892|-470.921753
-309.728882|291.723297
157.287445|-438.473541
-145.268509|-318.393982
-400.456818|322.565887
67.237488|-56.909607
288.102539|-71.095879
155.941132|-484.605774
-54.254318|-51.000015
-375.260620|496.999573
-97.814377|-336.665833
-216.407578|-217.236862
-63.468819|198.748596
241.224609|-255.455002
-426.676025|-209.452911
-13.631556|68.818802
-330.296814|91.094856
262.129333|-406.291412
-12.014997|401.852051
217.415466|-52.857384
-19.733309|-255.185638
478.645081|-83.468559
-277.366608|-92.709770
-125.889153|378.796539
66.262764|-118.970352
-329.672821|-389.627319
-214.947189|-261.417908
-183.490692|-439.720795
-355.233643|-286.256226
-424.806000|122.687462
-121.524307|358.929108
-397.570374|376.857208
272.287140|-243.590057
6.013014|-444.345490
136.618881|-81.539848
-97.003181|-101.042625
-249.945786|166.891510
-413.010345|167.970230
116.749352|-274.256836
43.527206|180.637634
-477.382996|-455.795197
-166.558228|-138.952301
-450.891968|417.423859
303.137604|427.972290
-274.362152|305.259521
-294.775665|494.774231
323.068054|48.868393
-498.500000|89.809891
435.189911|168.128159
271.644318|-190.296707
185.076569|216.116943
-315.591583|411.096039
