-291.322632|-74.963776
-139.575409|-265.627777
-367.452576|73.248955
-248.038071|-34.849964
80.810684|305.414001
372.042084|72.239578
433.870148|293.029114
94.722694|290.728394
3.495414|320.985870
354.266266|112.019119
159.110901|-266.982178
235.345169|-182.163528
-209.272598|-440.619904
-66.164330|-373.439148
57.465733|447.732269
-273.374237|188.037537
226.369308|275.254059
-491.565491|333.831512
413.430267|-489.957886
-102.258263|-318.339844
92.191879|-332.423492
424.559052|-23.703075
57.065182|-356.707977
-116.945160|399.425262
305.901245|-268.925995
374.364929|-205.444412
151.222168|-68.116821
-163.543777|-2.414935
179.819458|-36.770927
-393.103424|4.869818
-336.449677|24.516001
-105.440475|382.626831
-121.793839|-8.411357
137.737488|-486.579010
222.027115|235.354340
23.783003|318.311157
117.767303|-68.240479
56.770874|-26.178242
-14.782172|157.684448
-140.126221|-142.408752
-493.040924|-446.971130
-128.107040|197.004395
-102.046043|271.966003
229.921661|-234.752991
409.175537|335.070648
-291.550964|289.839081
278.299316|50.635880
179.822601|-156.759735
191.728653|155.238220
-437.202454|383.550354
-87.236397|-135.951538
277.968842|-209.474152
159.908859|-41.307961
-344.486664|-18.439768
4.844306|63.200283
203.569565|-409.092407
355.493011|141.333771
-8.569521|301.324341
-456.893402|-423.709686
139.109970|468.819427
-291.928589|-302.333832
-36.328918|64.622635
316.876404|-369.583191
-303.269257|474.922516
479.472229|-313.798004
91.319168|-290.140076
154.221786|-201.144272
7.229591|-114.290428
-450.414246|399.204102
-42.205868|473.266296
-410.792969|-280.436615
-324.114532|477.637268
-316.405090|-56.199402
481.552734|32.426743
-101.685745|348.575378
21.851421|451.272583
315.755432|-348.405396
358.580811|315.872925
28.019075|125.337242
293.302063|-196.553009
-30.893250|126.523430
-354.719910|491.540955
-207.314896|21.544704
-360.050140|411.913116
314.973816|389.117432
-444.612549|-439.979187
-75.412605|-173.367294
246.145096|-164.935776
-432.050049|88.137856
424.588715|140.598648
153.791718|-287.312012
-461.841797|-383.634949
236.613388|-468.208923
297.216522|-217.094055
358.602203|33.161953
393.516602|272.762085
115.766846|292.918518
272.374695|-483.123474
31.782885|-446.739410
-49.208107|118.723625
19.998310|-463.470123
251.733978|-325.214386
-48.626652|288.767334
-277.923737|46.514042
73.318939|-337.571289
-442.687714|122.643425
367.913818|-499.543549
358.119568|-301.550995
-189.131393|-137.221191
-412.108978|145.635880
5.284690|487.330536
390.068329|-340.104340
264.741486|-1.255558
464.878845|-471.432922
196.562943|196.382675
-269.931091|491.700409
-26.128790|290.679810
-117.385712|148.880997
-4.209358|445.662231
177.935883|475.015930
130.819046|450.433533
466.181732|-124.722450
-56.690948|-73.722710
-56.712646|269.401550
226.406921|352.072388
-0.348554|-466.161804
-353.335083|88.831070
-253.444275|82.560669
-468.776154|390.157928
-42.503227|431.135620
209.129562|-236.443634
323.486877|265.640320
-412.813171|-259.945587
-89.115089|308.174927
-230.730820|278.605286
-240.477005|-155.816559
-7.148442|424.532257
-241.383453|65.237907
484.048462|-207.886215
-384.312347|27.709345
-307.313080|-189.640518
-72.278038|-86.533951
-276.199921|-344.314148
484.123932|-280.138458
409.495544|92.728142
-89.852234|287.838745
52.617828|-477.999786
458.448364|-71.144585
-2.951357|43.701710
497.061920|-324.206543
-455.476990|-463.777283
284.279572|-309.265350
-126.869507|-55.203732
-403.300659|-455.800751
111.263107|-184.619064
-267.001770|268.266479
341.427307|63.224781
283.604248|-282.350159
441.161407|-490.514648
-272.946991|-64.411491
191.227844|-90.277519
-235.516937|-307.732361
33.671570|35.848110
-17.669044|-365.270599
-375.895264|131.224365
210.364380|-444.257782
-94.232475|400.289795
-296.240997|-53.661430
142.864700|-335.066498
-312.180389|433.450928
338.441132|-487.145569
352.107239|-497.408417
108.860291|480.103027
-489.796814|25.354536
18.775070|395.275238
139.884552|-303.146301
161.633102|-85.054497
396.800507|76.585350
-498.986908|323.234833
-151.196884|-126.195961
101.215393|314.067596
-207.814575|280.094147
49.729996|468.624237
-69.658798|288.278259
-78.820488|-66.635063
-86.418861|-411.227112
-291.325165|-281.605103
353.571625|-201.468964
100.018631|55.801556
485.509979|-228.404144
166.492645|-20.681896
454.246216|-436.188599
-82.373741|268.051208
-380.840363|-486.581512
67.635406|174.948593
-315.135651|495.809570
155.781448|122.085342
-138.812180|171.443298
-0.527759|-486.265106
111.971939|29.092894
404.101166|57.267193
434.100891|358.714996
394.918152|-20.754072
416.584381|166.829758
408.611755|-5.454145
-326.554077|-115.057373
73.953667|360.255585
-440.987640|488.673431
293.748474|-396.587616
-266.561737|-440.906067
-210.735382|-492.105652
8.881962|132.037033
52.764458|-337.002228
247.549698|-488.831299
-73.083336|-396.071136
-380.385162|410.229309
88.304977|127.986656
-91.771294|-387.531952
-364.220825|-23.672855
95.243042|-151.946106
162.503494|-105.368492
84.646622|326.364899
-483.620300|-110.272430
264.468445|499.723816
-54.763092|-304.756653
-273.727692|-293.121094
415.419800|368.233154
-427.563538|457.159180
120.300011|57.487076
-253.566254|-184.323502
411.687988|262.788666
18.532558|298.308136
385.373962|93.933243
108.074577|333.925049
-127.611473|-312.760040
-49.324326|94.400871
-432.762177|67.133110
-328.104980|-194.099991
409.860962|223.852631
497.906952|48.007397
294.425415|-237.600861
-273.957214|470.728516
-396.388153|209.441101
-223.076675|299.508850
75.513847|-35.914890
-435.271118|-462.899414
-354.733673|131.126099
344.608521|-261.950134
257.998901|-469.218567
-311.863342|291.011475
158.535538|-440.345612
-147.402924|-317.682068
-401.956818|324.065887
65.737495|-55.409588
289.108795|-69.083412
158.075638|-485.317383
-54.027485|-52.913841
-373.308594|497.914093
-95.801323|-337.670868
-214.650635|-218.642426
-64.716888|200.620712
242.981552|-254.049438
-424.876007|-210.802902
-15.549697|67.642860
-332.314331|90.099579
263.135590|-404.278992
-12.504433|404.044159
218.421677|-54.869850
-21.533310|-256.535645
479.893127|-85.340675
-279.498230|-92.117218
-125.099396|376.691589
66.704025|-116.764046
-327.583771|-388.791718
-212.812637|-262.129456
-182.779190|-437.586243
-357.105713|-285.008179
-422.624847|122.135193
-120.784767|356.839996
-399.582794|377.863464
274.301727|-243.616119
4.893457|-446.287506
134.406342|-81.219711
-98.009415|-103.055092
-248.595795|168.691528
-411.242401|166.583817
117.584976|-272.167786
44.072906|178.454834
-475.146973|-456.038483
-168.285141|-137.516235
-450.346222|419.606659
303.973206|430.061340
-276.499512|304.566162
-292.763062|495.780151
324.531189|50.577652
499.467255|91.309891
436.780365|169.719681
273.764404|-189.747513
187.099640|215.132858
-316.951355|412.888519
