-336.477417|-62.112106
-94.575417|-220.627777
-424.005310|46.330982
-200.307968|12.879755
30.645124|276.338196
331.387634|60.750565
467.086975|336.761047
100.446289|268.812683
0.201491|258.273468
309.266266|157.019119
222.038742|-246.812317
229.898727|-124.833549
-244.149124|-495.991882
-3.341537|-390.208527
-8.090494|431.776764
-234.956238|133.242813
162.332748|296.600494
459.793915|355.332062
352.828125|482.501892
-41.986389|-348.516632
106.273918|-267.991791
471.500000|-64.878616
16.381136|-303.496521
-130.212234|344.506165
255.110291|-282.693634
427.805389|-164.822449
184.721054|-117.615845
-110.829140|39.744213
230.235260|-76.885010
-359.604797|59.242798
-392.611786|-12.926262
-81.737816|325.893982
-105.422836|-73.896042
188.392670|487.333069
157.990555|256.699432
50.322781|376.944611
86.500145|-12.568023
16.272684|27.823118
32.947544|205.414551
-79.274513|-158.312515
497.790985|-401.378571
-182.236115|172.688812
-49.273315|305.905273
267.596863|-182.776993
453.501404|295.145844
-355.549164|268.467712
308.487000|111.009872
149.627319|-217.129272
223.755539|210.089478
-424.997131|444.497620
-80.847397|-71.760727
300.770264|-245.987793
120.878304|-6.742793
-345.385101|-80.707703
-6.283922|123.587486
233.755875|-348.719788
339.120636|206.817780
8.813631|239.894226
-394.719177|-412.603912
78.661491|498.664581
-355.834625|-315.849182
-92.488533|27.174726
347.064087|-429.955811
-264.277954|425.627167
429.042084|-354.008484
155.355331|-268.793640
95.487831|-231.389130
47.729641|-60.290565
-438.530975|460.399872
-24.439592|-479.163971
-404.431244|-223.714706
-281.887604|437.316681
-285.015930|-40.295902
-463.410065|27.085323
-80.643921|284.452667
-5.004644|-491.754517
345.947906|-408.765167
422.617371|294.526520
23.539063|76.230011
346.893494|-170.289780
10.720207|152.605392
-361.066895|-457.373352
-141.125015|34.782543
-391.433868|362.728668
345.161499|328.744812
-387.171875|-469.837280
-107.933762|-116.313965
267.096527|-125.600914
-403.289825|127.572464
389.449463|85.873787
116.356529|-234.840530
485.074463|-417.369934
189.900940|-477.391388
323.104645|-222.800934
332.408936|81.223763
425.071320|213.430038
127.321869|355.713409
237.026260|-434.619415
43.857605|-498.228271
-109.233063|149.047470
14.968690|-497.858093
297.989410|-285.361969
6.606355|308.478088
-256.646912|110.571945
93.640793|-396.310303
-406.618744|92.169540
408.901001|-451.314697
422.156128|-280.204559
-236.841125|-89.471519
-415.933838|112.236328
-3.419907|-471.060455
454.174408|-320.295349
208.578217|-38.697792
-472.143402|-496.500977
256.607178|168.264587
-223.433929|-493.402710
-7.771618|227.780334
-153.371933|191.790085
-42.900352|-499.735199
241.972443|453.669495
147.424301|385.250671
431.453949|-66.841667
-5.113624|-110.423149
-9.726740|296.003967
170.243301|389.513641
-40.210712|-466.940063
-392.614899|107.940872
-266.661224|148.753998
-465.926758|412.556702
-12.508043|396.836823
232.997955|-213.979141
307.114502|331.124329
-425.539276|-222.798553
-55.195175|357.072449
-249.072952|334.367065
-176.440445|-134.471497
-7.752391|478.636993
-255.369904|131.141113
-460.954559|-245.387558
-367.046997|78.223526
-254.657883|-153.675888
-26.072771|-108.917473
-310.927704|-286.432678
-481.825287|-242.139328
369.104889|88.572670
-37.291374|323.503387
11.034666|468.407379
474.805267|-5.656138
-18.230768|106.412605
448.245636|-362.069733
-436.946838|-477.547974
312.235870|-367.164734
-180.870041|-14.703665
-338.520569|-443.155182
176.748245|-168.251389
-318.797394|296.152191
380.772644|106.233147
252.521133|-227.220428
488.891510|461.025818
-313.229370|-100.584198
176.405136|-27.975403
-262.788269|-267.416290
-11.328426|-9.151894
48.520149|-378.509125
-423.204102|133.209610
266.527618|-406.816376
-70.506340|343.168213
-235.886993|-42.490601
203.238693|-365.254181
-349.409241|488.264648
297.628784|-456.862061
301.254944|-477.615112
44.683933|459.794800
-425.760254|4.009139
-25.235888|443.086243
198.071335|-336.713104
203.417419|-125.540741
353.361023|76.351677
445.146942|333.704468
-198.760605|-79.664391
81.107597|277.341278
-251.243805|291.855530
94.772125|-485.671967
-13.609524|317.825562
-24.501596|-68.074005
-111.601418|-459.422394
-253.089127|-231.942566
391.562469|-249.517639
164.184052|76.552170
-474.470764|-263.126312
216.572205|-60.855331
405.542786|-482.029297
-29.258844|304.575012
-393.835632|-434.713867
115.364822|127.218506
-256.285706|-478.711212
196.281174|176.085815
-102.913559|197.768768
-22.861238|-498.605286
174.643631|54.161655
352.557983|54.803188
459.031433|317.798187
358.464600|4.071069
464.291016|214.418091
366.782593|23.411047
-289.112671|-171.220856
126.662636|402.423859
-404.485931|441.050323
253.142303|-448.113953
-322.723846|-478.347473
-163.005280|459.216278
-44.406128|97.230606
13.853636|-283.096558
220.880707|-447.697296
-76.035461|-355.278076
-427.278534|363.261017
150.976929|153.056076
-147.466629|-419.699005
-394.304321|-84.097336
120.311783|-89.274178
210.334122|-144.647537
37.239536|296.245514
467.862427|-157.994568
226.615875|-467.972687
-84.927597|-244.372391
-236.601959|-244.670822
439.445374|310.399231
-492.395721|474.765533
184.335007|78.836296
-237.195251|-118.839401
477.171997|279.161224
46.163620|356.323669
400.339600|159.190277
54.471943|328.325836
-191.624832|-291.534058
-32.953323|159.885239
-386.911621|88.515808
-344.384949|-222.621307
369.359863|169.852081
-451.422180|10.592524
354.930573|-244.032791
-285.803345|497.586792
-417.734589|273.477661
-167.276154|275.930084
34.988312|18.057186
-378.120087|-487.745544
-406.113159|147.537918
299.353943|-305.567719
218.013885|-427.202026
-375.897156|269.660889
196.414093|-496.153412
-211.433960|-296.321533
-446.955841|369.065704
20.737501|-10.409585
319.296478|-8.709488
208.166046|490.674988
-12.848555|-90.902718
-380.181763|-450.696136
-35.406170|-367.815247
-161.942352|-260.809479
-102.158981|256.784180
295.335480|-213.668777
-370.875458|-251.302628
-71.621933|30.125648
-349.374268|41.594101
298.776550|-351.328491
-26.624733|463.424316
248.534729|-115.278473
-76.741814|-293.218109
-488.453827|-143.069626
-305.170685|-150.068451
-99.986603|316.498749
79.941864|-50.574852
-264.912262|-363.723663
-148.776154|-283.475983
-161.434128|-373.549683
-413.267822|-247.566452
-378.670105|123.692245
-97.761734|296.547455
-434.600067|425.807129
263.499939|-245.076324
-38.877075|-401.121338
165.239975|-109.385971
-111.784210|-137.044510
-208.096069|222.692078
-356.485199|163.707458
129.039551|-212.175232
60.443909|112.970665
-414.992615|-456.677460
-215.982513|-91.097214
-438.894958|480.809204
329.041260|492.732849
-340.428345|283.157227
-267.603638|-496.102905
347.680328|96.334412
454.467255|136.309891
484.497253|217.462234
330.319733|-157.744064
243.909912|208.235535
-354.493683|467.795929
