-286.211761|-76.160912
-143.075409|-269.127777
-362.756531|75.596252
-251.750412|-38.562279
77.461029|309.453827
373.027466|75.145683
429.501984|290.117004
91.759300|295.061249
4.493057|326.026611
357.766266|108.519119
154.130157|-268.641937
235.126190|-187.387405
-206.122620|-436.419861
-71.302597|-372.363098
62.558987|449.005676
-276.524323|192.237579
231.349930|273.593781
-488.312714|334.380798
418.103638|-487.568665
-104.732849|-316.338287
94.126389|-336.628815
423.548279|-22.948212
59.574799|-361.214691
-118.644569|404.383820
309.401245|-265.425995
370.164978|-208.594482
148.712082|-63.506294
-167.643311|-5.694583
176.800049|-32.639053
-395.451355|0.174075
-332.081512|27.428177
-107.765495|387.298767
-123.067139|-3.318110
132.731659|-485.013611
227.007736|233.694168
21.550491|313.559998
120.467773|-72.742699
59.920723|-30.378353
-18.494484|153.972107
-143.778839|-144.943497
-497.761169|-444.675903
-123.126472|198.664566
-106.556374|269.522644
226.962982|-239.082291
406.025452|339.270691
-286.531799|291.375854
275.951385|45.940125
182.170425|-152.063980
190.455353|150.145020
-437.997040|378.597778
-88.266006|-141.099640
273.417725|-211.998535
161.400589|-46.245373
-342.121307|-13.761368
6.255840|58.144527
201.221741|-413.788055
356.766418|136.240570
-10.103634|306.003754
-461.772430|-421.771332
144.069809|469.644592
-294.735809|-306.257538
-31.961031|67.535378
314.528473|-364.887543
-307.221741|477.697510
477.785217|-308.831146
86.338600|-291.800354
158.917542|-198.796448
4.079593|-118.490417
-451.279022|394.090240
-43.235477|468.118195
-414.213959|-284.405640
-327.904724|474.523041
-321.574341|-57.116638
478.371399|28.250666
-103.335861|353.559357
23.801226|446.398132
313.386902|-343.720917
353.600189|317.533203
32.223244|127.800575
288.895874|-199.407288
-32.369625|123.894806
-355.280151|487.301605
-212.462997|20.515095
-356.390198|415.654419
312.625885|393.813080
-449.487213|-438.029785
-73.064728|-178.063049
242.646072|-168.434036
-434.751495|83.636230
426.936646|145.294403
157.369736|-291.149384
-457.146149|-381.287018
240.653625|-468.660095
292.738861|-219.782867
362.802246|30.011948
391.140900|277.443604
114.496407|287.824524
277.117645|-482.857697
32.404224|-441.641724
-51.140766|114.285301
23.071501|-459.725311
248.233978|-328.714386
-52.995174|285.855499
-279.584015|41.533447
73.592079|-333.174500
-447.929901|122.890511
369.146027|495.730347
353.138947|-303.211273
-185.422256|-140.936676
-408.393494|149.345001
4.011379|482.237335
385.087708|-341.764618
269.109650|1.656618
460.004395|-469.483185
191.866074|198.728271
-275.077454|490.662415
-27.859333|295.636383
-112.689972|146.533112
-1.059353|441.462189
172.955261|476.676208
129.197464|455.406891
468.882782|-129.224274
-54.456371|-69.080048
-61.069004|266.475616
230.775192|349.160278
2.900819|-462.224274
-348.603790|91.100998
-252.414902|77.412567
-471.850800|390.197174
-44.163425|436.116241
207.368164|-232.563614
324.760284|260.547119
-409.313202|-263.445190
-93.187004|305.298096
-228.383621|273.909180
-245.457626|-157.476730
-10.638683|420.974182
-240.327408|60.095467
480.114624|-204.409729
-386.660278|23.013603
-311.681244|-192.552887
-70.617317|-81.553551
-273.498871|-348.816040
482.850525|-285.231659
406.497955|88.565033
-93.986122|284.946075
55.767834|-473.799744
457.174408|-76.237694
-1.612868|38.632603
495.405579|-319.224670
-460.412018|-462.166626
281.805511|-304.966919
-122.669518|-58.353737
-408.448761|-456.830414
106.169853|-185.892365
-264.089661|263.898315
338.147766|59.125198
286.509064|-285.745941
437.824280|-486.797607
-271.286102|-59.455715
192.259827|-95.425095
-230.423737|-309.005768
37.171570|39.348110
-22.817093|-364.240936
-370.802063|129.951004
205.996109|-447.169891
-96.690536|404.875885
-301.389099|-54.690910
138.168945|-332.718567
-309.030304|429.251099
335.018463|-484.827545
352.978363|-498.563324
113.840858|481.763306
-494.777435|27.014734
22.487385|391.562897
135.204025|-300.805176
158.412079|-81.240234
394.427887|71.948669
-499.000000|319.294586
-149.234421|-125.641159
99.692253|319.089996
-203.614532|283.244202
46.229996|465.124237
-74.020996|285.357635
-83.515366|-65.144310
-90.077911|-413.128052
-294.873108|-285.167084
351.085419|-196.849060
95.038757|54.142105
482.010193|-224.906540
162.229019|-17.713455
457.958557|-432.476257
-86.593468|265.445953
-377.560577|-490.681030
63.923115|178.660934
-319.898651|494.029205
152.631470|117.885353
-143.792801|169.783127
3.232739|-482.602997
107.097435|27.143089
408.109375|56.146446
432.448395|363.698120
397.261353|-23.764042
412.859863|163.149277
409.307251|-7.142294
-329.466187|-110.689102
69.854080|356.975830
-444.487640|492.173431
296.660583|-392.219452
-262.193573|-437.993958
-214.447723|-488.393311
13.239721|134.964905
54.804230|-341.731903
246.160614|-490.418457
-73.606941|-401.226532
-376.674683|413.943420
83.430473|126.036865
-87.082260|-385.170776
-361.879913|-18.973639
93.293251|-156.820557
158.784729|-101.662636
81.980705|330.310516
-479.907959|-106.560143
265.054291|498.931061
-52.415215|-309.452301
-277.553802|-296.155090
413.655029|373.099701
-422.470337|455.885773
115.319496|55.826622
-254.839554|-189.416702
406.594788|261.515259
17.209038|293.228790
386.547485|90.608406
112.979210|335.187897
-124.151497|-313.979279
-50.597626|89.307617
-435.410400|62.602806
-332.938019|-193.095230
413.011047|228.052673
493.585022|50.969585
290.170013|-240.527710
-270.316193|466.947662
-394.727875|204.460480
-228.057297|301.169128
78.637383|-40.133690
-440.145050|-460.948364
-349.651245|129.810394
348.108521|-258.450134
260.942749|-471.167694
-306.882935|292.672211
155.623322|-435.977448
-143.521942|-319.652344
-398.456818|320.565887
69.232788|-58.918301
286.760864|-73.779167
153.095123|-483.656952
-54.418785|-48.005245
-376.813080|494.438385
-100.538857|-336.422455
-218.750168|-215.362778
-61.804726|196.252441
238.882019|-257.329132
-429.076050|-207.652924
-11.070983|70.375252
-327.544312|92.284317
260.787659|-408.974640
-11.083076|399.000488
216.073853|-50.174095
-17.333307|-253.385651
476.981659|-80.971970
-274.470093|-93.457962
-127.443550|381.360199
65.674416|-121.912094
-332.458221|-390.741455
-217.793259|-260.469177
-184.439362|-442.566864
-352.737549|-287.920288
-427.716034|123.416679
-122.530251|361.722168
-394.887146|375.515533
269.301178|-243.378723
7.193174|-441.621307
139.203491|-81.575859
-95.661537|-98.359337
-251.745773|164.491486
-415.855774|168.811951
115.635185|-277.042236
42.799603|183.548035
-480.337585|-455.276031
-164.479034|-141.084595
-451.619629|414.513458
302.023468|425.186890
-271.471344|306.009338
-296.910126|495.062073
321.326630|46.431255
-496.500000|87.809891
433.069061|166.006378
269.354767|-192.149841
182.395554|217.462662
-313.818787|408.676453
