-424.888672|-43.689255
-31.635113|-165.104263
492.946716|4.832293
-135.076828|78.110321
-46.036610|231.896759
283.099670|66.167610
-495.541382|373.771332
151.613235|192.053268
26.953085|170.682724
247.766266|218.519119
308.597229|-225.065887
169.885712|-78.714493
-178.347275|-495.556641
87.117027|-408.301178
-88.284187|439.422729
-196.933533|66.898560
74.816681|325.773956
439.056610|441.388611
270.659180|440.702545
40.435505|-389.787109
129.431381|-180.092896
-466.378937|-126.378616
-48.944286|-365.463318
-190.405365|279.129211
263.753662|-283.019196
-497.299591|-110.150917
177.878189|-98.251671
-46.053452|72.584793
306.006500|-122.695351
-317.245087|135.048218
-469.368561|-64.094681
-37.213261|250.940704
-89.321999|-162.278397
123.320953|430.522797
70.474014|285.871185
91.525620|458.575867
39.885380|58.509933
-38.120842|101.851524
87.640305|273.627991
6.377813|-192.573120
462.891449|-340.431000
-269.815979|143.715805
-109.328873|363.298218
321.742004|-109.932472
-498.626282|228.850861
-442.460388|242.111862
343.702057|157.679260
101.123840|-285.010101
246.514435|299.394348
-340.514954|466.059021
-62.755684|18.697840
268.397980|-327.951202
45.737904|38.284115
-315.823914|-168.055023
-28.988922|212.980972
274.440125|-265.954773
316.745056|296.312592
45.813992|163.026825
-309.208801|-379.062897
-1.197509|-472.560760
-444.088684|-337.203613
-165.249008|-17.071562
387.715332|486.619934
-208.955063|351.807129
353.604034|-406.254456
238.752136|-238.231735
12.976791|-272.644592
103.078659|13.509981
-352.069031|486.096680
-17.233362|-392.414551
-339.555023|-160.690872
-250.667267|362.797424
-239.961075|26.157839
-397.745636|49.924294
-48.203072|205.563202
-23.690508|-415.283508
406.734894|-471.050812
-491.187714|270.565186
55.311749|10.821575
407.602692|-105.459702
71.002754|213.394135
-317.212738|-406.684387
-62.221550|61.188816
-335.176453|289.968689
386.417999|246.235352
-321.838837|-457.455383
-149.114105|-39.230423
328.010437|-64.427277
-407.941132|174.026291
339.572113|17.794088
51.759411|-169.187714
404.061218|-450.133392
118.097198|-461.223541
407.940613|-203.419830
260.276825|134.026825
446.112732|136.761002
165.866852|402.415405
221.686493|-353.408386
122.915794|453.582886
-191.744186|190.302094
28.327019|-498.814026
356.792023|-224.822769
80.409271|359.279449
-216.482574|138.720795
119.204536|-481.881653
-443.773651|17.152027
466.698334|-383.368927
-489.911255|-251.031418
-293.199005|-22.501766
-476.183472|71.972542
19.548326|-392.243408
-457.354218|-291.121887
131.821457|-89.868652
-422.713287|-454.591156
319.860504|121.339272
-159.834549|-487.933838
29.462551|150.580368
-235.883057|233.044708
-64.291786|-427.748932
329.491425|424.503357
168.722076|304.525391
383.992645|12.262062
70.098869|-158.495224
42.530018|278.429901
106.070572|441.465820
-122.772537|-425.786591
-427.903442|155.804749
-276.544708|230.166687
476.825409|360.853577
19.813147|313.812531
162.115479|-260.878754
284.738922|420.619141
-457.106293|-165.629257
-6.079644|434.196350
-290.329132|416.876312
-88.924225|-105.299904
42.955696|-487.098541
-251.743347|153.753662
-402.154022|-258.453735
-330.951691|157.522369
-177.901123|-102.504555
-24.344814|-184.275162
-358.759094|-211.150208
-427.638947|-217.715363
380.121490|149.797485
-19.079716|412.318665
-67.485001|436.343445
497.180847|83.839584
-89.681664|163.161270
424.941071|-430.653015
490.603088|475.522430
346.122437|-426.778137
-254.706146|40.028915
-248.061066|-425.062531
239.440643|-130.410950
-371.695313|370.542969
431.978882|163.245819
242.556213|-167.964035
-450.231262|406.333740
-338.786926|-181.293015
158.312485|62.483162
-348.508881|-256.012421
-72.684258|-70.687744
138.978821|-396.601776
-447.639709|150.722687
341.384521|-389.440521
3.173964|327.847595
-227.061096|-18.096539
282.121552|-407.663361
-336.924255|-471.334656
236.852829|-391.486176
231.125183|-480.991302
-42.812508|430.565186
-338.592926|-25.867435
-82.065277|-485.812714
277.174744|-384.174316
265.745728|-157.247177
292.528107|85.606094
362.784912|340.765472
-252.664505|-10.871266
132.206039|200.550064
-325.044556|236.504684
147.440338|-432.901733
46.920422|378.448730
7.731016|17.809767
-152.856415|457.471008
-230.035583|-142.693405
432.818970|-332.027039
141.892426|136.641205
-424.186310|-328.614685
293.143372|-98.185654
340.311646|451.841949
38.969894|306.576843
-421.682800|-362.890625
171.665283|96.334381
-171.637421|-470.826263
251.630798|249.886566
-21.893972|232.326141
-2.916939|495.628784
257.871552|90.934830
280.739716|0.401261
395.540100|282.648041
284.692413|-45.776531
465.044220|275.242065
305.546692|1.055247
-237.942093|-247.977615
197.960220|460.104156
-342.999756|379.561646
194.218124|497.896698
-400.933197|-490.745087
-97.774574|393.985138
-80.578476|52.459587
-41.661163|-211.064255
172.749222|-377.544983
-46.863602|-267.761444
496.082764|352.410645
236.627991|187.317627
-229.977753|-460.955505
-436.043854|-166.303528
154.573120|-3.622183
262.820709|-190.395279
-33.175255|324.479431
402.504181|-223.091141
179.551254|-427.744263
-52.264835|-166.619080
-167.851135|-187.827377
372.097992|279.278290
423.566315|484.992828
270.318695|107.940178
-246.130951|-35.291012
-432.580444|301.536804
98.709999|403.962280
418.432251|249.649780
12.408848|372.596954
-279.405365|-264.637604
-10.625966|249.391632
-320.872284|59.621151
-405.884949|-284.121307
313.468781|102.264877
-372.621094|-34.952427
440.581635|-278.293121
-330.091949|-437.601746
-446.908051|360.994293
-80.293472|254.665314
-19.640265|91.786217
-318.303040|-478.797302
-470.212494|155.870758
260.887695|-370.943604
186.519562|-341.655090
-462.200958|240.327957
232.149460|429.108032
-298.848511|-270.580139
497.411530|397.308441
-40.761803|51.092403
298.749359|-30.516504
286.904236|463.128723
33.784744|-44.939003
-337.151001|-401.062073
47.124218|-409.031616
-85.400581|-311.158508
-147.500534|334.092346
367.372009|-156.040680
-297.705475|-291.002472
-128.617050|-32.877384
-321.823914|-43.055191
343.261047|-273.691101
-54.696003|-447.933167
303.702057|-173.679260
-152.087189|-344.371002
-448.755524|-219.484802
-334.344269|-237.584961
-67.297745|270.679779
84.337669|33.665329
-179.261200|-329.463989
-66.784538|-318.424377
-131.196518|-287.543945
-480.903320|-201.142349
-326.141479|87.877083
-81.686211|220.470688
-361.702789|467.460876
210.316330|-316.878448
-96.446068|-329.039001
197.420670|-194.829544
-151.521225|-201.547348
-161.741806|297.403320
-266.990387|186.081161
165.039536|-128.222656
64.747704|29.628792
-341.867218|-420.965210
-272.319336|-25.018452
-424.707153|-434.310364
366.544373|-424.060242
-401.870758|337.934113
-310.230621|-440.841919
303.822784|138.791977
397.410736|194.945831
-451.486176|283.147095
390.990814|-93.431519
309.136658|273.471008
-409.288391|-472.270264
