-397.239868|-50.601456
-52.082531|-178.133987
-480.888214|17.577881
-155.229538|57.957855
-26.447371|247.984726
295.845581|91.658852
499.981537|372.106628
135.805725|215.767700
17.521685|197.228378
266.766266|199.519119
281.559570|-234.078247
187.690140|-100.968773
-198.198334|-495.169128
59.170479|-402.711578
-60.635521|446.336884
-214.033417|89.698502
101.854050|316.761017
445.969391|413.739807
296.149963|453.448395
14.998912|-377.019806
122.519180|-207.741699
-485.378937|-107.378616
-28.791721|-345.310608
-175.290634|299.427734
247.114166|-305.635559
479.199799|-127.250801
195.845551|-120.366631
-63.205677|57.973171
281.239227|-115.129593
-329.990997|109.556976
-445.655670|-48.285797
-54.737961|272.829926
-96.234200|-134.629593
147.761887|441.927216
97.511909|276.859955
78.785156|433.196503
52.795742|41.335537
-21.021856|79.050758
78.025551|250.492981
-20.084110|-181.989197
469.804230|-368.079803
-242.750488|152.640900
-86.528931|346.197754
304.642365|-132.732956
487.675171|248.573196
-415.996185|249.519806
336.694519|139.676041
113.869461|-259.519440
239.602234|271.745544
-364.478729|455.516083
-68.344994|-9.248710
281.143890|-302.460541
66.004501|24.959526
-324.836853|-141.017365
-21.977585|185.362885
261.701965|-291.449646
323.657837|268.663788
34.768711|186.346649
-335.670105|-389.647186
21.622509|-472.071808
-417.680634|-331.311981
-141.541946|-1.253163
374.969421|-486.925476
-226.046188|374.613861
377.329712|-390.464905
211.714478|-247.244095
38.467979|-259.898682
85.978775|-9.290022
-378.170807|474.858368
-22.822672|-420.361389
-361.507782|-177.927567
-241.721817|388.196533
-242.515945|2.204188
-414.846100|27.124334
-61.745480|224.837570
-13.105856|-441.744812
387.734985|-452.053070
481.212067|279.578125
41.665989|24.084406
397.329987|-131.899063
53.081432|195.073471
-337.297516|-426.904205
-81.018822|47.533279
-352.276917|312.768921
373.672089|271.726227
-341.911743|-470.060333
-136.368896|-64.721733
309.010437|-83.427277
-420.323639|152.581741
352.318024|43.285290
71.130241|-189.925201
428.865936|-436.415222
132.211319|-462.989044
383.583618|-202.641708
281.233337|115.797813
433.873260|162.093155
158.954651|374.766602
214.859406|-377.144379
98.522789|468.320648
-166.252945|177.556763
7.424413|-487.419373
337.792023|-243.822769
56.695801|343.470856
-225.494934|111.683311
109.102295|-458.156311
-431.027740|42.643227
448.893951|-405.624115
482.635101|-260.044037
-273.051453|-42.659290
-456.030762|92.124962
8.504511|-417.602783
-484.391876|-300.134827
155.534927|-74.059769
-429.586975|-482.244781
313.594299|139.693573
-179.523422|-488.403748
17.948492|174.192337
-210.391815|220.299377
-47.191757|-450.549164
302.453766|433.516296
161.809875|332.174194
398.655487|-12.176488
46.495361|-142.532318
22.210449|298.401367
128.642502|424.574371
-97.281296|-438.532501
-427.032623|133.122437
-270.955109|202.219849
487.940552|374.003418
8.662315|336.803284
187.606720|-248.133209
291.651703|392.970337
-437.352844|-182.674835
-20.212486|409.922058
-277.583221|391.385651
-115.961594|-114.312263
28.766737|496.000000
-243.730835|173.420959
-426.935150|-247.505936
-343.697601|132.031128
-201.614594|-118.313438
-17.232574|-157.202164
-344.096252|-235.588516
-441.220856|-232.011200
363.021027|126.997269
-24.669025|384.371826
-39.837193|443.208282
490.268066|56.190491
-66.881721|146.061386
415.928131|-403.615356
-483.571442|488.268341
333.471466|-401.896149
-231.870560|23.546339
-276.007904|-430.652130
211.791840|-137.323151
-355.886719|346.830078
410.987854|147.421463
225.496613|-174.759552
-470.383972|426.486450
-328.692169|-162.430496
163.902084|34.536613
-323.124084|-257.652527
-53.684258|-51.687744
111.032166|-391.012177
-447.900360|134.253891
320.077545|-385.869965
-20.539391|343.656403
-215.955505|-33.472107
260.258179|-393.765442
-356.265625|-487.114899
252.185959|-413.730835
253.925415|-463.890839
-15.794629|439.634277
-365.630585|-16.854931
-61.912842|493.166321
252.735901|-369.511566
240.769928|-153.630951
314.715118|103.334541
390.433716|333.852692
-236.208084|-31.891092
116.478287|224.309052
-302.244324|253.604568
137.271439|-443.177948
32.513580|354.723785
-2.853618|-8.651824
-140.111084|482.961670
-236.947784|-170.342209
420.073059|-306.536377
157.789597|117.122314
-431.970764|-305.626312
265.462860|-101.604065
360.464355|471.994659
17.039089|318.768646
-403.878418|-385.145813
161.516693|96.340904
-198.285843|-474.771545
234.530914|227.086334
-42.435143|217.928055
-13.428097|-487.846588
231.410278|80.350029
303.539948|17.501259
417.030762|296.063141
306.786926|-30.166407
470.039673|260.136047
323.762024|6.505326
-253.751266|-224.264145
175.705612|442.299774
-361.999756|398.561646
210.027298|-477.783203
-376.102112|-498.985168
-117.926994|414.137848
-96.720062|61.097111
-24.561134|-233.864487
193.300201|-392.698944
-55.876106|-294.799103
-481.991150|360.619019
210.166687|176.732758
-204.486511|-448.209595
-422.814911|-141.117218
143.988251|-30.083776
245.803436|-173.395279
-7.684099|311.733521
422.665405|-202.947220
198.546646|-412.990234
-70.833908|-187.813400
-191.564606|-203.636505
396.988495|292.345337
451.215118|478.080048
243.281036|98.927818
-238.787735|-59.688534
-460.229248|294.624023
72.181999|414.057251
412.842651|221.702942
11.788870|356.554474
-252.065094|-271.442413
-17.491669|221.731247
-346.362946|72.366768
-386.884949|-265.121307
330.591827|120.641479
-397.059937|-20.289295
414.120331|-267.708832
-326.260162|-455.680969
-437.895111|333.956635
-106.797401|255.769577
-2.409086|69.092285
-336.461487|-489.930847
-459.312500|151.173920
256.839020|-347.694305
196.540863|-368.278900
-436.373474|249.496979
216.340286|452.820923
-271.908203|-276.148987
-482.767456|388.359253
-21.762497|32.090416
319.765564|-13.491417
259.867432|472.143982
21.039124|-70.430244
-356.661530|-419.444336
21.629700|-396.292755
-111.420029|-299.576721
-131.691360|310.379456
345.116821|-173.844482
-319.274017|-277.518036
-121.375267|-5.393837
-330.836853|-16.017721
330.515137|-299.181763
-45.683498|-474.970825
290.955719|-148.188232
-128.592773|-329.261780
-453.085449|-196.108231
-325.331207|-210.547424
-81.713440|257.415771
89.795631|11.890263
-205.722504|-340.048279
-93.829590|-309.434570
-141.248596|-313.079651
-461.266235|-217.221085
-353.790283|94.789284
-78.454338|237.246155
-385.322571|455.433716
226.125504|-293.165558
-78.701370|-351.339996
188.408310|-167.791885
-138.775879|-176.056107
-169.846405|273.692627
-294.639191|179.168961
154.454666|-154.683960
75.905403|51.124012
-359.868134|-440.236511
-252.196182|-44.734039
-431.621155|-461.959167
355.977905|-450.528717
-384.770294|315.133881
-305.512573|-458.740265
300.618988|123.516594
416.410736|175.945831
-471.638885|262.994385
380.630554|-119.962753
288.983948|253.318298
-393.169220|-488.244293
