-206.150787|-96.073334
-197.753723|-322.992615
-287.220184|90.352814
-305.464233|-94.663338
28.528328|371.299072
422.880554|115.989418
360.859406|244.354858
44.465649|359.107086
18.843924|394.347046
411.410614|55.369347
75.853462|-294.700317
268.397125|-196.724350
-156.622955|-370.419189
-141.188705|-346.496552
142.595673|469.016357
-325.683228|258.085358
309.260406|247.620911
-464.618774|257.726807
437.031738|-443.265503
-45.021763|-348.130493
107.662048|-383.707886
408.838501|-13.003501
109.690285|-404.535400
-155.552673|476.586792
360.755737|-215.759293
311.020508|-230.999008
192.228729|5.424110
-232.064545|-57.231907
116.253555|20.039963
-420.233673|-64.803558
-263.438934|73.190758
-145.860764|458.755310
-143.076141|76.718712
54.545132|-458.966187
305.274628|207.605759
-4.503130|262.095490
122.801407|-133.644714
95.073303|-92.260147
-20.425991|106.717094
-91.865440|-203.581345
-486.221954|478.627197
-44.860302|224.752975
-175.209824|229.564682
178.765427|-305.502808
356.524109|405.271362
-281.874023|315.060333
239.056107|-27.850143
218.666183|-82.363708
170.446350|70.108398
496.653656|341.696808
-73.140289|-212.733047
306.465057|-188.306152
228.851212|-49.766094
-305.283295|60.010784
19.556990|-20.892004
167.115005|-485.516296
376.777100|56.203804
-57.893913|346.067871
480.359009|-406.519379
216.215546|431.187195
-273.714325|-349.630402
32.590340|111.915451
277.534210|-292.681274
-384.994446|457.815826
-473.415039|-283.900299
27.177345|-281.334137
232.707977|-161.902069
-45.420452|-184.490967
481.268036|356.571594
-60.227974|391.208130
-472.543365|-342.749634
-405.885925|456.208771
-400.249542|-61.840946
432.522156|5.720743
-129.187973|431.903992
70.354881|379.703735
276.156677|-271.527069
275.333282|343.623291
30.482302|188.732025
250.348053|-242.656189
-87.333290|68.918030
-426.700195|454.026459
-284.993011|0.888642
-297.057770|472.077484
277.688446|463.002533
479.040436|-427.155212
-36.169510|-251.853485
187.646454|-223.432663
-454.785522|10.251850
466.414520|211.838776
215.704468|-349.488098
-383.357391|-344.390961
314.818024|-483.819183
238.133057|-217.216766
411.940521|7.096906
354.244812|351.232361
94.487411|207.788513
345.408356|494.297913
50.486370|-386.246338
-42.637165|53.808239
78.490372|-409.130646
193.233978|-383.714386
-121.326920|239.683975
-307.587646|-35.803165
25.435398|-301.979218
499.000000|160.193008
317.874603|431.104980
323.372833|-349.805389
-129.899460|-200.529388
-350.169617|205.980438
-29.083416|409.224701
308.406250|-368.370514
313.722717|35.976421
391.306946|-431.507233
118.046989|235.565704
-355.976166|474.481934
-74.253975|360.999756
-40.547459|109.638046
50.214199|379.158569
97.131638|-494.570221
76.100845|-495.490784
-487.809937|-199.966614
-66.499893|-8.974566
-129.021378|220.111465
299.418396|303.398560
60.387150|-418.475983
-272.137207|104.164780
-236.239441|-3.486134
-416.943573|435.679535
-56.145821|370.579407
249.619110|-187.889282
344.770966|180.511108
-354.313202|-318.445190
-150.884644|261.915100
-191.489243|200.119141
-323.724518|-183.565140
-40.161812|357.025208
-224.123932|-20.761253
414.775208|-156.816956
-419.503906|-44.715923
-380.319366|-238.323349
-39.618008|-10.637787
-231.053802|-419.560059
460.497833|-338.965149
450.223450|81.503090
-161.858948|244.710114
107.908257|-425.286072
435.622498|-154.088165
15.712116|-41.580353
485.606598|-246.791290
-478.489868|-446.072968
236.924911|-258.920959
-113.945297|-124.126389
-489.350037|-472.997040
67.950264|-253.027878
-218.326553|195.254242
333.471588|41.270206
341.306122|-333.287354
455.828796|-450.417297
-296.580811|-16.640688
212.167038|-62.359985
-178.386978|-329.295868
88.160538|95.631989
-61.477245|-331.568115
-290.992920|110.438904
139.003586|-486.840332
-133.948700|475.999725
-381.847565|-70.845284
63.623871|-329.784302
-257.145905|369.665771
392.851349|465.802094
420.413055|-453.869202
163.007538|-499.000000
438.649109|43.564728
85.117584|345.418152
60.921204|-309.480865
108.152054|-56.549335
439.876373|63.363964
-477.055878|240.816910
-92.701553|-182.758163
87.115677|393.713348
-137.613861|332.745544
-8.673967|410.122894
-142.256516|242.041382
-97.768005|-111.705444
-63.539314|-364.636688
-268.117981|-329.924805
314.189087|-123.058807
16.858694|27.960552
427.989197|-173.053162
82.460930|-26.478136
-493.696655|-371.055603
-155.639481|225.188126
-417.426147|477.080933
5.600470|237.010910
-397.262848|474.597382
103.131805|51.885521
-222.059708|143.694717
60.953983|-438.931763
30.493639|-3.485510
479.471863|84.510857
409.486023|441.660156
462.123596|25.608356
452.423065|102.107826
473.042511|43.525871
-393.460907|-88.258072
1.927266|340.038239
492.782471|-472.425781
320.609131|-325.433411
-193.549454|-392.232239
-272.784515|-430.056519
12.351637|199.348770
90.981125|-393.006744
305.376312|460.579041
-99.431213|-479.574615
-317.429504|470.224487
23.881655|130.746857
-14.871197|-356.143860
-325.062897|54.855751
62.562481|-233.382294
113.334122|-76.205040
110.791992|334.591187
-438.219208|-53.609589
332.150116|-495.015625
-0.476067|-340.701447
-253.455673|-344.878235
389.727966|445.699127
-346.418640|431.083405
37.054623|29.733345
-276.091064|-267.940430
327.631927|241.168396
-24.432169|256.753693
429.542236|81.510735
172.074417|277.964569
-81.311104|-325.100220
-71.450005|10.844202
-493.325623|39.259422
-289.580383|-137.152878
462.512390|294.053345
499.746735|90.069374
226.548996|-234.618530
-211.980499|408.609924
-347.253387|226.771988
-261.825439|313.155762
112.261940|-104.555450
-499.540619|-426.311707
-273.499451|124.356010
403.108521|-203.450134
337.935242|-474.716766
-276.835968|335.275055
123.580940|-365.890167
-74.367264|-347.391327
-343.805481|265.718353
95.499146|-117.258232
249.865097|-147.569595
74.831276|-457.560608
-96.056793|-89.015923
-446.863251|460.191681
-158.077637|-327.804474
-283.172119|-163.825455
-16.042093|127.608185
190.087173|-322.913971
-495.076721|-158.153259
53.615349|113.166199
-251.489868|107.144844
223.893066|-482.763397
-17.242771|331.932190
204.681839|22.120827
40.639866|-216.808807
430.918182|-14.634909
-197.171402|-114.963493
-173.730118|383.741638
52.044716|-200.123810
-409.056732|-421.380188
-266.562531|-286.583710
-210.527771|478.365997
-287.840515|-334.983765
496.817017|133.719543
-148.841400|438.567017
-321.098389|338.619476
226.474945|-199.765900
42.720253|-407.972382
115.946510|-10.152736
-52.728447|-62.256958
-252.618896|127.548622
-487.488770|150.760651
44.995422|-296.199371
-15.347839|238.865952
455.443298|-429.448639
-110.171791|-194.422089
-462.102051|336.565247
260.762634|367.920135
-255.489502|332.591675
-376.998352|476.542419
348.027435|19.990400
-442.142365|33.290718
374.685822|120.458504
285.827759|-186.454758
108.636414|254.325012
-267.630341|353.475464
