-158.713028|-107.096603
-228.931931|-351.595428
-243.871597|76.596413
-340.552612|-127.927208
-0.219302|410.032898
444.682770|159.592850
339.421417|214.840195
17.257750|399.397614
40.645641|437.949493
426.335968|23.281509
50.181221|-314.584808
261.629639|-217.845551
-127.906845|-331.621826
-181.238693|-329.024902
188.304626|481.406281
-351.204590|296.696136
351.509552|237.432968
-445.726227|218.451584
408.181824|-417.370605
-13.187687|-361.915894
97.412529|-411.677338
381.141754|-28.414398
140.070160|-368.274445
-149.015793|-480.440796
393.255737|-183.259293
272.039063|-260.273773
219.260696|45.993023
-270.132019|-87.685783
77.601845|47.525547
-458.611816|-88.696594
-221.417236|68.835815
-164.970795|-497.729645
-154.899643|124.013214
15.077364|-442.440826
351.523254|192.189880
-22.917332|284.176178
147.882690|-175.447006
124.322769|-131.260590
-16.264544|76.263466
-111.793495|-210.181580
-478.141785|432.066498
-28.009577|240.908249
-215.809769|205.151474
149.076157|-344.169159
355.604950|419.836060
-325.197052|322.647583
213.411285|-65.693649
243.767120|-51.676266
158.622849|22.813896
450.522400|328.894684
-70.428375|-257.628662
328.330994|-144.736252
258.005249|-36.099590
-283.530273|103.576721
31.008598|-68.256622
143.436172|477.534180
376.490723|17.185534
-81.796455|360.957672
443.158539|-403.316803
259.818909|409.384979
-251.774033|-378.973022
73.170349|138.930283
251.133545|-256.505371
-422.634613|473.916046
-434.646698|-256.009613
-9.088255|-271.195831
238.607315|-145.914001
-44.088543|-224.174316
435.349670|343.446747
-67.056526|345.166779
493.166321|-373.526917
-442.319763|466.365692
-446.226379|-69.318306
396.179382|12.506598
-144.251022|478.267853
102.201286|344.581268
252.964584|-235.686020
230.007950|355.006439
10.257524|231.718613
209.784912|-269.697052
-119.833290|36.418030
-440.750000|416.039764
-312.196228|23.051025
-268.291748|-490.990906
255.886246|-492.962738
450.740906|-421.959229
-32.752563|-290.106354
155.146454|-255.932663
-479.866699|-31.550938
488.216736|255.442215
245.851532|-384.342163
-339.754944|-322.588745
353.154938|-485.222168
191.881317|-232.622589
415.501587|-24.306755
332.442596|394.834808
82.663910|160.494507
317.064941|455.171753
8.446775|-361.644287
1.017916|32.116375
51.607574|-370.839447
160.733978|-416.214386
-161.715332|212.386810
-323.004517|-82.051445
-12.269871|-291.300934
-481.709320|204.457886
287.419739|393.036896
277.124207|-365.222260
-113.895233|-235.682602
-328.131226|190.913361
-60.970398|383.717957
266.037903|-384.464935
339.825958|65.011902
346.044189|-413.402527
74.420815|257.321594
-403.677002|466.644806
-93.466530|404.551392
-35.974319|81.951279
81.682915|344.439270
50.884190|-479.151367
29.850996|-480.133850
-462.728760|-241.768906
-78.370132|-56.234768
-169.466675|193.019882
339.979919|276.357544
75.294922|-438.740601
-226.715744|88.490013
-226.680573|-51.289787
-377.346008|455.084442
-53.415298|364.548737
293.126373|-165.906830
356.595459|133.217102
-321.813202|-350.945190
-187.432343|235.718933
-169.688019|156.515701
-369.973145|-198.981018
-57.476295|322.988556
-214.488892|-68.517242
371.239258|-134.892044
-452.626831|-49.916737
-416.907776|-267.082214
-40.510818|27.989559
-205.972626|-461.363342
448.727081|-384.336670
420.620361|42.848427
-201.957458|220.176712
137.921448|-388.657166
447.805573|-184.689133
26.799252|-88.944260
470.189728|-200.542664
-438.647522|-423.738892
196.416168|-286.011658
-132.118774|-169.285797
466.153442|-486.013062
51.733166|-295.198730
-191.284546|154.691727
303.166687|3.086864
366.393677|-375.086761
428.261902|-420.464142
-302.711395|4.806895
214.910599|-100.837975
-157.580887|-355.235687
120.660538|128.131989
-108.331123|-320.133301
-245.088943|97.100456
98.440292|485.271484
-129.166519|-485.650330
-429.576111|-80.745087
45.033680|-347.689331
-211.776443|381.963440
435.080536|487.859161
443.232300|-440.721893
208.670624|-489.513245
441.995178|9.369388
119.588829|310.946411
21.853632|-306.574005
73.736191|-22.058619
452.898590|43.983967
-457.447418|201.569565
-64.301239|-221.587082
71.699829|439.961975
-102.046631|363.734802
-39.760822|379.168365
-181.986740|216.074554
-115.866463|-156.971390
-26.726095|-383.180908
-248.742752|-359.393341
292.386871|-79.455368
-26.484962|11.660531
393.774780|-159.942627
34.657623|-36.038799
-463.370239|-360.418030
-196.054123|200.382401
-461.381714|474.879852
-24.625277|263.748322
-437.455170|488.983124
65.903641|65.020821
-259.771179|131.022385
84.393768|-457.670349
-13.139629|-21.942997
-492.999939|105.660500
453.263763|462.443176
494.943115|15.641554
473.334808|63.101135
482.919617|31.982559
-440.732635|-98.455154
-36.136421|309.579865
463.687195|-440.117645
347.650146|-284.871765
-151.304108|-375.115509
-307.256256|-395.584778
-7.650307|242.703064
94.589851|-432.191498
336.928162|427.969696
-114.847092|473.385376
-288.259125|-495.598663
-17.534731|113.028908
20.825827|-341.381104
-303.324280|98.490547
44.022346|-276.799866
78.857910|-41.738293
154.395432|312.788971
-437.531128|-17.142809
366.720642|498.802063
36.727524|-329.206482
-232.990707|-372.465271
433.380402|467.396851
-299.124634|419.258911
-6.156654|11.296207
-288.081879|-315.192383
311.339447|215.703629
-67.547035|277.667358
399.658813|43.216259
206.546158|243.492828
-112.622734|-349.230072
-83.279892|-36.448681
493.590820|58.011772
-257.080383|-104.652878
491.819244|333.010437
479.016418|125.540649
180.366074|-250.194107
-177.508759|374.138184
-326.655304|211.311935
-304.765625|322.532501
141.833221|-143.286102
463.017365|-402.818298
-229.375183|110.879845
427.384155|-183.754730
373.578217|-481.321106
-231.945175|348.107086
96.542847|-325.326172
-33.374657|-363.879272
-326.930237|237.406784
123.452316|-152.569427
259.104797|-145.369537
33.626366|-450.488434
-117.858513|-132.619354
-460.290405|421.098724
-201.446854|-305.571106
-321.238159|-133.369064
-37.017010|106.399422
160.399872|-361.576477
465.399658|-128.903458
94.225380|140.093887
-219.161987|130.095978
207.730118|473.201477
-55.714035|302.333282
235.192551|60.003590
28.346811|-262.262451
415.271759|5.700914
-152.531250|-127.041588
-195.531342|340.139191
42.508747|-247.931961
-435.751068|-445.447083
-274.925629|-331.241791
-225.943649|432.117371
-268.895081|-365.099213
449.396545|133.789017
-164.322784|484.045410
-282.864227|335.967590
253.052094|-164.523560
57.464405|-449.432831
100.530632|36.095562
-33.957973|-19.158876
-280.762817|129.149338
470.031158|144.557465
1.813764|-313.168427
-45.286407|267.686310
422.607330|-400.621246
-129.829330|-199.297928
-473.926544|289.271240
218.562149|372.609039
-226.139542|293.670685
-414.151398|492.217407
377.997711|-8.074612
-409.642365|0.790718
340.214081|85.987259
277.769409|-231.816528
65.068626|276.088104
-226.841904|368.397522
