-317.454834|-63.902477
-112.075417|-238.127777
-400.527740|58.071751
-218.869675|-5.681796
51.371799|286.894287
347.938873|44.370014
468.121155|316.009125
89.539566|289.842987
-2.135392|283.947113
326.766266|139.519119
197.135635|-255.113174
244.520264|-146.076355
-234.022415|-473.620239
-29.081779|-385.060211
17.447308|437.726929
-248.623825|155.037201
187.235855|288.299103
478.238037|351.245972
376.306366|494.241547
-65.411835|-336.782471
99.907417|-293.457794
454.000000|-47.378616
32.105225|-324.256012
-111.650764|363.067871
272.750916|-265.551697
406.805176|-180.572342
166.161453|-99.116371
-131.333160|23.353729
209.234116|-61.136616
-374.681244|41.777683
-370.770966|1.634619
-92.827568|344.064453
-111.789337|-48.429771
163.967697|495.251129
182.893661|248.398544
38.581150|353.467010
100.005661|-35.077213
32.022079|6.822670
14.385975|186.852844
-101.516342|-156.375061
-489.727570|-420.351501
-160.324265|181.318817
-66.350845|289.389771
254.651138|-201.737610
434.116638|302.229401
-330.647156|276.734680
296.747345|87.531097
161.375198|-193.654892
203.699478|194.201950
-430.410339|422.077454
-85.995445|-97.500969
309.096832|-226.456039
144.357071|-18.482155
-353.689880|-55.805939
-5.013370|99.888992
222.016754|-372.198029
345.487671|181.351776
0.760646|263.959503
-419.091431|-422.352600
102.134842|486.914246
-330.368622|-309.482147
-70.648468|41.737492
335.324432|-406.477570
-280.027313|446.627502
450.938354|-339.617401
130.452225|-277.095032
117.327118|-219.592621
31.979614|-81.290512
-441.929047|439.024567
-29.881685|-488.489227
-422.175293|-242.827927
-297.626099|458.311859
-298.903198|-55.778214
-485.881958|40.642391
-88.690765|309.425690
6.524769|489.569183
334.226105|-385.284485
397.714264|302.827881
15.304387|98.201721
325.490936|-185.485397
-6.779792|135.105392
-347.260712|-477.127441
-166.865524|29.634495
-389.278625|382.904633
333.421844|352.223053
-408.520355|-457.289764
-94.473709|-136.900284
264.766296|-140.682495
-410.435760|120.421547
403.371307|107.015228
133.993225|-254.073166
-498.593781|-402.319427
205.736557|-466.382813
318.190704|-207.876389
341.975494|63.780334
413.331665|236.908813
120.955368|330.247406
246.730072|-459.002228
34.991081|-480.471863
-85.754288|137.308350
16.363121|-488.703674
279.233978|-297.714386
-13.420651|301.120117
-264.878693|85.647171
87.274292|-370.844299
-427.604675|96.829239
391.876129|-471.062317
397.253021|-288.505951
-218.285706|-108.039139
-431.228943|118.419502
-3.704865|-489.164551
429.201782|-327.059296
230.419571|-24.136942
-496.515656|-486.752289
233.472183|177.963425
-237.784546|498.411621
-16.339111|252.592682
-140.270065|176.522476
-29.035738|478.142426
217.069336|461.970886
141.057800|410.716675
444.959198|-89.350861
-26.774090|-98.332771
-24.786963|283.728271
192.084793|374.953247
-29.150669|-466.134247
-377.715851|94.670830
-261.532043|123.010040
-451.074829|420.948425
-21.840668|405.601593
240.044556|-216.314362
313.481537|305.658325
-439.834839|-232.713898
-63.622353|338.002014
-237.517059|314.517181
-201.343552|-142.772354
-18.770683|460.200775
-249.499435|105.672546
-484.009796|-232.857910
-380.927917|61.582909
-276.498749|-168.236969
-47.645870|-95.364815
-297.422455|-308.942139
496.130737|-241.059341
379.943390|75.243347
-54.261166|305.686768
27.790173|488.222321
468.438232|-31.122395
-14.087961|80.912231
469.604309|-348.723114
-418.550385|-474.674591
302.727600|-346.159729
-159.869827|-30.453690
-362.840546|-447.767487
151.282242|-174.617889
-295.584686|293.043671
369.323334|92.705399
265.146332|-247.629562
470.329803|479.587524
-303.569153|-78.727737
178.323273|-53.065575
-255.906906|-284.166504
6.171573|8.348107
22.779907|-373.360809
-414.773071|140.966583
244.686508|-421.376923
-81.639755|361.520142
-261.627502|-47.638649
179.759918|-353.514526
-333.657440|467.265961
316.192657|-475.421204
319.777985|-496.178558
69.586876|468.096191
-450.663361|12.310122
-11.295700|423.152039
175.562408|-323.207855
184.935822|-106.911507
364.121979|62.640289
464.418854|336.340759
-180.134628|-97.786163
69.790459|295.916016
-232.170807|294.316498
77.272079|496.000000
-34.394272|303.977875
-44.487690|-62.497082
-99.862030|-435.944153
-260.356140|-257.153076
379.822815|-226.038864
139.191757|68.641182
-494.102081|-250.854553
197.003632|-44.057346
425.077820|-465.356995
-46.574989|285.662842
-381.926514|-455.594879
96.803383|145.780197
-278.378876|-487.032471
180.531281|155.085602
-126.197441|190.906097
-13.102260|-498.761078
150.271378|44.412701
371.337952|43.421490
447.224945|319.610657
379.438293|12.361571
445.717560|195.881134
388.563141|30.472664
-303.673218|-149.379501
106.164703|386.025085
-420.193787|458.783966
270.867615|-430.908905
-300.883026|-463.786926
-181.566986|477.777985
-22.564804|111.791420
29.817007|-303.916840
230.606674|-471.938538
-84.336319|-380.181183
-409.540192|381.048096
126.604652|143.306854
-123.987854|-407.959351
-382.564667|-60.618561
110.562828|-113.646698
191.771408|-126.087189
54.659176|308.989990
486.424164|-139.432907
237.178619|-491.883759
-73.198135|-267.855835
-243.036240|-268.376526
429.015564|329.750641
-466.929596|468.399048
159.432510|70.533760
-243.561752|-144.305496
451.705994|272.794189
34.231651|332.949615
395.191284|133.449768
74.767715|316.471863
-166.721237|-299.784698
-39.319824|134.419235
-407.661835|94.474991
-326.884949|-205.121307
385.110291|190.852295
-473.931854|24.096947
330.558319|-234.283569
-287.564362|475.752136
-409.433197|248.574554
-192.179260|284.231476
50.747879|-2.933532
-399.242950|-478.926147
-393.224121|142.330826
317.108521|-289.450134
227.747238|-451.580872
-350.995117|277.963654
181.417236|-474.666901
-186.532669|-304.627563
-429.456818|351.565887
38.237499|-27.909586
307.556824|-32.188198
183.921158|499.621124
-31.240213|-77.840149
-367.177094|-471.244080
-58.893951|-356.093994
-182.440018|-244.411087
-87.598167|234.942841
274.837128|-230.066818
-391.875671|-235.552734
-49.747959|44.612324
-352.378082|63.707981
281.583618|-367.384613
-24.693966|439.457458
236.868866|-91.765068
-55.350147|-278.609741
496.355286|-121.108887
-296.869293|-125.165375
-112.194550|337.622894
74.793816|-76.315094
-289.284515|-373.472351
-173.679184|-275.174500
-169.734985|-398.452789
-391.427002|-262.127319
-388.807495|121.860802
-107.804497|317.945953
-431.496155|400.981262
286.251465|-248.592743
-22.478836|-421.619537
146.684204|-90.865898
-114.704681|-139.526749
-223.845963|201.691864
-380.737854|158.455887
132.778412|-233.821732
54.077408|138.436829
-437.202881|-463.827484
-197.279175|-109.118469
-446.330109|458.804871
319.292572|468.360596
-315.551453|291.438904
-276.293427|492.781525
352.420471|80.406097
471.967255|118.809891
465.939606|198.896698
309.175018|-172.870239
223.931992|196.634323
-338.769745|446.780365
