-335.773834|-61.852337
-95.075417|-221.127777
-423.334503|46.666393
-200.838303|12.349425
31.316023|276.673462
331.949646|60.537460
467.357880|336.061676
100.030304|269.436737
0.048612|259.007721
309.766266|156.519119
221.327225|-247.049484
230.337067|-125.442123
-243.655518|-495.427216
-4.076973|-390.061432
-7.340636|431.791321
-234.976181|133.992554
163.044266|296.363312
459.972931|354.603729
353.498932|482.837311
-42.712238|-348.327850
106.092018|-268.719391
471.000000|-64.378616
17.070189|-303.792664
-129.681900|345.036499
255.610291|-282.193634
427.205383|-165.272446
184.170441|-117.106598
-111.417480|39.279072
229.635254|-76.435020
-360.053162|59.060852
-391.987762|-12.510237
-81.984077|326.602386
-105.604736|-73.168434
188.067505|488.008911
158.702072|256.462250
49.987286|376.273834
86.886017|-13.211143
16.722660|27.223099
32.417213|204.884216
-79.970871|-158.033966
498.484528|-401.093079
-181.524597|172.925980
-49.920681|305.526581
267.146851|-183.376999
453.060486|295.752563
-354.837708|268.705078
308.151581|110.339050
149.967911|-216.461075
223.114670|209.699875
-425.711121|444.268036
-80.994484|-72.496162
301.105682|-245.316971
121.549126|-7.078203
-345.623779|-79.996689
-6.095138|122.861633
233.420471|-349.390594
339.302551|206.090179
8.582044|240.590134
-395.415527|-412.882446
79.332314|498.329163
-355.107025|-315.667267
-91.864418|27.590637
346.728668|-429.285004
-264.727936|426.227203
429.664337|-353.589813
154.643814|-269.030823
96.158638|-231.053696
47.279640|-60.890564
-439.127625|459.945435
-23.866510|-479.238708
-404.961395|-224.245209
-282.318390|437.930603
-285.515930|-40.795902
-464.053833|27.470112
-80.880875|285.164246
-4.289839|-491.981567
345.612274|-408.094452
421.905853|294.763672
23.203651|76.900833
346.279480|-170.720444
10.220207|152.105392
-360.494568|-457.858063
-141.860458|34.635456
-391.883881|363.328674
344.826080|329.415619
-387.921509|-469.813660
-107.597565|-116.984390
266.597961|-126.101540
-403.001801|128.264954
390.082886|86.275383
116.934792|-235.318146
485.745331|-417.034607
190.135071|-476.678864
322.393127|-223.038101
333.038300|80.815842
424.735901|214.100861
127.139969|354.985809
237.254562|-435.333832
43.214485|-497.842407
-108.562241|148.712067
15.714916|-497.933228
297.458221|-285.148315
6.729250|308.390411
-256.850464|109.850090
93.458893|-395.582703
-407.145538|92.703384
408.432465|-451.900360
421.444611|-280.441742
-236.311188|-90.002235
-415.393677|112.756638
-3.598552|-471.788879
453.462891|-320.532532
209.202255|-38.281769
-472.839752|-496.222443
255.936356|168.599991
-222.684189|-493.383148
-8.012338|228.490662
-152.701111|191.454681
-43.270969|499.000000
241.260925|453.906677
147.242401|385.978271
431.839813|-67.484787
-5.737697|-110.007179
-9.805034|295.920410
170.867432|389.097748
-39.648315|-467.023529
-392.089539|108.476112
-266.522308|148.016968
-465.302734|412.972717
-12.745214|397.548340
233.668777|-213.643738
307.296417|330.396729
-425.863251|-223.157318
-55.606915|356.445587
-248.737549|333.696259
-177.151962|-134.708664
-8.258748|478.144562
-255.089172|130.445633
-461.625366|-245.052124
-367.526489|78.800224
-255.281921|-154.091919
-26.693937|-108.497169
-310.541840|-287.075806
-482.572906|-242.199203
369.854858|88.579552
-37.452789|322.770966
11.484990|469.007141
474.623352|-6.383745
-17.956894|105.714401
448.939514|-361.785065
-436.276031|-477.212555
312.511719|-367.422028
-180.270035|-15.153665
-339.256012|-443.302277
176.020645|-168.433289
-318.381378|295.528168
380.801575|106.208153
252.795410|-227.494507
488.361176|461.556152
-313.047455|-99.856590
176.552231|-28.710838
-262.060669|-267.598206
-10.828426|-8.651894
47.784714|-378.362030
-422.740112|133.273743
265.903595|-407.232391
-71.071510|342.675171
-236.622437|-42.637688
202.567871|-364.918762
-348.959198|487.664703
298.159149|-457.392334
301.821350|-478.106720
45.395447|460.031982
-426.471771|4.246309
-24.999544|442.374451
197.428223|-336.327240
202.868195|-125.030014
353.991119|76.758492
445.874817|333.523682
-198.182648|-80.142365
80.690811|277.964813
-250.643799|292.305542
94.272125|-486.171967
-14.071935|317.235077
-24.780140|-68.770363
-111.266006|-458.751587
-253.276123|-232.668884
391.227051|-248.846817
163.447037|76.413193
-474.970764|-262.626312
215.976059|-60.400238
406.073120|-481.498962
-29.750418|304.008575
-393.369568|-435.301483
114.834496|127.748833
-256.933044|-479.089966
195.831177|175.485809
-103.625069|197.531601
-22.671906|-498.585266
173.947281|53.883114
353.258911|55.070045
459.119324|317.053345
359.064636|4.521004
463.719879|213.931961
367.380188|23.864225
-289.528687|-170.596817
126.076981|401.955322
-404.985931|441.550323
253.890488|-448.166046
-322.099823|-477.931458
-163.535614|459.746613
-43.782089|97.646629
14.400671|-283.609650
221.366760|-448.268494
-76.272629|-355.989594
-426.561798|363.481903
150.280579|152.777527
-146.795807|-419.363586
-393.968903|-83.426514
120.033241|-89.970535
209.803741|-144.117264
37.928596|296.541656
468.392761|-157.464233
227.162323|-468.486389
-84.592186|-245.043213
-236.877548|-245.368362
438.837219|310.838135
-491.668060|474.583862
183.623520|78.599052
-237.377151|-119.567009
476.444397|278.979309
45.829128|355.652405
400.192505|158.454834
55.002274|327.795502
-190.918793|-291.787048
-33.135223|159.157639
-387.422668|89.031097
-343.884949|-222.121307
369.809875|170.452087
-452.065308|10.978374
354.234222|-243.754242
-285.530212|496.888306
-417.497406|272.766144
-167.987671|276.167267
35.457512|17.472078
-378.869476|-487.715210
-405.471222|147.643356
299.888580|-305.544281
218.291412|-427.898804
-375.185669|269.898132
195.872101|-495.635010
-210.722519|-296.558899
-446.455994|368.565765
21.237501|-10.909585
318.961060|-9.380308
207.915482|491.145569
-13.386005|-90.379608
-379.758606|-451.315369
-36.077572|-367.480988
-162.528000|-260.340942
-101.742958|256.160156
294.749817|-214.137299
-371.475464|-250.852631
-70.981506|30.515972
-349.104950|41.672386
298.434723|-351.996063
-26.387539|462.712799
248.242020|-114.587952
-76.141815|-292.768097
-488.869843|-142.445587
-304.933502|-149.356934
-100.079941|317.242920
79.794777|-51.310287
-265.608612|-364.002197
-149.487671|-283.238800
-161.671295|-374.261200
-412.643799|-247.982483
-378.449524|124.409081
-98.000092|297.258575
-434.324188|425.109711
264.064423|-244.582504
-38.408554|-401.707001
164.730103|-108.835945
-111.651207|-137.580811
-208.546066|222.092072
-357.212799|163.525558
128.758041|-212.870392
60.262009|113.698273
-415.663422|-457.012878
-215.420395|-91.593719
-439.076965|480.081635
328.762726|492.036499
-339.720154|283.404114
-268.105804|-496.659973
348.059235|96.268425
454.967255|135.809891
483.967010|216.931808
329.776733|-158.261429
243.381653|207.703140
-354.034943|467.202606
