-411.791870|-46.963455
-42.083534|-168.136978
-494.304352|10.869675
-144.622849|68.564438
-39.702351|241.004639
289.137207|78.242409
-498.200287|375.458496
144.125229|203.286240
23.065414|183.594833
256.766266|209.519119
295.789917|-229.334900
178.319366|-89.255974
-189.109604|499.674744
73.879189|-405.653473
-75.187454|442.697876
-205.033478|77.698532
87.623856|321.504669
442.331085|428.291809
282.733826|446.740021
28.364216|-383.773865
126.157181|-193.189697
-475.378937|-117.378616
-39.398335|-355.917297
-185.412506|288.426178
256.304749|-294.274567
491.199921|-118.250862
186.418213|-108.704361
-51.550392|67.415298
293.353394|-123.965012
-323.282623|122.973419
-458.136139|-56.606262
-44.132057|262.222565
-92.596199|-149.181595
136.630783|431.977631
83.281639|281.603394
85.488220|446.501343
45.707188|52.825180
-30.021442|91.051071
88.535263|261.190979
-6.156624|-187.559250
466.165924|-353.527802
-256.996399|147.947418
-98.528900|355.197998
313.642456|-120.732864
492.699829|239.650970
-430.756073|247.297958
338.396759|146.458496
107.161240|-272.935577
243.240234|286.297546
-350.256958|460.284973
-65.403252|5.460001
274.435516|-315.876678
54.216293|32.162071
-320.093201|-155.247711
-25.615622|199.914886
268.405304|-278.030823
320.019531|283.215790
41.744865|175.460419
-321.743103|-384.076508
10.723319|-478.256348
-432.232788|-334.949707
-154.016312|-9.583109
381.677795|498.694458
-217.055008|362.607239
364.849243|-398.785217
225.944824|-242.500748
25.051556|-266.607056
94.978714|2.709979
-364.160248|480.092621
-19.880930|-405.652527
-350.803558|-167.423676
-244.630005|374.871948
-234.956223|14.112070
-405.845856|39.124321
-52.574722|218.333344
-18.676725|-427.817810
397.734985|-462.053070
495.442413|274.834473
49.995262|12.173882
403.065735|-118.099220
62.002754|204.394135
-326.734467|-416.254333
-68.450172|55.714409
-343.276672|300.768799
380.380463|258.310089
-331.599945|-464.711700
-143.076965|-51.305290
319.010437|-73.427277
-411.997711|165.047424
345.609650|29.868853
60.523746|-179.318466
415.449799|-443.123596
125.152405|-453.950073
397.815857|-197.904129
271.076935|125.926880
440.577118|148.674515
162.592651|389.318604
213.253113|-363.950317
111.385185|460.603363
-179.669388|184.264832
17.950308|-496.449097
347.792023|-233.822769
69.176575|351.791168
-220.751587|125.913506
114.656105|-470.733368
-437.736115|29.226791
458.264679|-393.910858
496.865448|-255.300430
-283.655701|-32.050381
-466.637451|81.518425
14.658646|-404.580353
-470.161530|-295.391174
143.054153|-82.380234
-425.944031|-467.695648
324.969971|132.032852
-173.035904|-490.757416
25.123629|163.364075
-223.808258|227.007446
-56.191772|-438.549042
316.684113|428.772644
165.447876|317.622192
390.938202|0.685907
58.976135|-150.852936
32.826195|287.803986
116.161781|432.894836
-110.697739|-431.824127
-421.876343|147.085495
-273.897003|216.928711
482.418793|366.462616
14.853496|326.299072
174.190277|-254.841278
288.013397|407.522339
-448.107269|-174.629257
-13.561152|422.959320
-284.291595|404.801788
-101.731400|-109.568916
38.739716|-493.347900
-240.474380|161.133286
-414.228546|-252.416367
-336.989227|145.447571
-189.133820|-109.992973
-19.803101|-171.611633
-351.813538|-222.726227
-430.912506|-230.812424
372.021271|138.997375
-21.727283|399.080688
-54.353535|439.442535
493.906372|70.742645
-78.881691|155.061325
420.671783|-417.845703
-496.987579|481.559967
339.807434|-414.868713
-243.870712|32.546185
-261.299042|-427.710236
226.343842|-133.685150
-364.207031|359.310547
421.519958|157.822449
239.568649|-173.312881
-459.777283|415.879761
-332.332489|-176.981995
160.960190|49.245323
-335.412079|-259.286896
-63.684258|-61.687744
125.740875|-393.954071
-441.424194|143.568604
330.031189|-396.686981
-8.058686|335.335968
-226.712585|-25.474174
270.047028|-401.625824
-347.469269|-478.876343
246.398849|-401.032196
241.925293|-472.891083
-30.008080|434.842712
-351.400238|-21.598354
-72.519394|-495.358734
265.598450|-377.228821
253.264923|-157.983658
302.553925|94.580704
375.881714|337.490997
-246.746063|-21.512878
124.676254|211.753769
-314.244446|244.604630
140.170380|-440.351959
40.267151|367.305084
2.717242|5.275328
-146.819153|469.545532
-233.309784|-155.790207
426.781433|-319.952515
149.992371|125.841125
-422.476074|-316.248749
279.905396|-100.833221
349.857666|461.387970
27.135275|307.847870
-413.249146|-373.432556
162.119263|105.880264
-184.838272|-473.615814
243.530853|239.086456
-29.825903|222.937851
-3.169551|-496.704712
245.337280|85.920860
291.539825|8.501259
403.164612|290.477509
294.762726|-39.133507
472.532501|264.009644
313.012512|-3.214016
-245.430649|-236.744919
187.418564|451.670502
-351.999756|388.561646
201.706680|-490.263672
-389.828064|-498.209198
-107.320457|403.531158
-89.056725|51.607128
-33.561150|-221.864365
182.295242|-387.091003
-51.132683|-280.568756
-492.983643|356.678040
224.093689|182.303741
-217.902954|-454.917969
-429.523285|-154.533661
149.559235|-16.156622
256.643585|-183.717285
-21.100489|318.441895
412.058472|-213.553589
187.651199|-416.944153
-61.681377|-175.930450
-179.083832|-195.315887
383.572723|285.635986
436.663116|481.718353
257.511383|103.671165
-248.609955|-48.387890
-445.677246|298.262329
86.175560|408.975891
415.784546|236.411804
19.938877|362.697998
-266.303802|-266.742828
-13.853782|236.283356
-332.946808|65.658546
-396.884949|-275.121307
321.703796|112.535965
-384.197388|-28.006733
428.047333|-273.279510
-335.284882|-444.915161
-442.638763|348.186981
-92.536667|251.126740
-11.392555|81.104073
-326.902924|-484.456696
-461.024933|150.655304
252.349930|-360.755920
191.533447|-354.189392
-450.596039|244.730682
224.660904|440.340454
-286.137756|-271.403473
-492.872131|392.625946
-31.762497|42.090416
308.041016|-22.810621
274.097778|467.400330
27.747345|-57.013802
-346.107910|-408.788055
35.046124|-403.000854
-97.904762|-306.072174
-140.011978|322.859924
356.830078|-164.474060
-308.634949|-283.089050
-125.330872|-19.783487
-326.093201|-30.247953
337.223511|-285.765625
-50.426922|-460.740479
297.664520|-161.604462
-141.287079|-336.270782
-452.995605|-208.048538
-330.074982|-224.777649
-73.310974|258.592987
92.565514|26.626974
-191.795502|-334.477600
-79.595444|-314.166290
-135.465530|-300.351257
-473.149292|-208.221100
-339.238281|91.151283
-70.886238|228.570633
-371.231445|460.508026
217.804886|-305.646027
-88.071793|-339.626740
193.151657|-182.022232
-145.483948|-189.472549
-164.761627|286.840454
-280.087189|182.806961
160.025650|-140.756958
74.357109|38.100971
-349.861664|-429.216278
-262.890686|-34.443447
-427.982239|-447.407166
361.548584|-436.601715
-393.770538|327.134003
-315.475891|-448.804352
304.135010|133.978500
406.410736|185.945831
-461.032196|273.601074
386.342377|-106.105507
299.590637|263.924988
-400.481781|-480.855896
