-122.281105|-32.234158
-268.870331|-414.724915
-156.121597|56.265942
-407.810516|-188.292877
-51.518707|486.609955
485.939270|242.103973
271.977356|158.186478
-33.910202|476.156342
68.210289|-478.022614
487.972107|-38.147293
18.056820|-377.215729
320.408600|-283.288635
-146.200455|-286.788361
-271.698181|-310.932251
277.794800|-495.361694
-419.501526|332.130188
439.026184|208.261383
-391.667847|158.679443
329.924255|-391.481049
-51.081917|-397.916534
83.282150|-497.617798
324.368896|-23.106361
180.286087|-343.044464
-211.258896|-429.414124
440.543518|-128.467178
203.124313|-309.228363
270.429749|122.751144
-342.168549|-145.313889
3.795188|102.866676
480.378754|-136.890930
-133.676758|47.089737
-220.557632|-447.739716
-173.234375|205.794067
44.964066|-383.796021
380.743225|170.674835
-36.110626|221.895752
195.343994|-254.549805
179.672241|-205.061310
-56.874130|9.635766
-168.279388|-250.452728
-452.699982|363.098541
44.656319|268.773193
-273.956116|145.287186
93.528763|-408.838715
319.108337|490.367950
-411.030182|352.230865
172.156662|-148.204773
272.171417|6.572968
136.249146|-66.681808
363.033600|299.641296
-74.536148|-340.538666
327.269073|-97.431908
338.901001|-59.639938
-337.988586|76.857391
53.389069|-157.750610
102.180962|395.024933
364.595764|-58.226757
-135.882950|371.343689
360.609863|-372.335907
342.328156|368.128479
-293.721924|-455.393127
126.927902|132.551605
209.363846|-175.625031
-477.379028|451.016754
-358.026733|-204.644226
-27.272341|-182.313919
287.413208|-83.241600
-20.598652|-293.291870
347.874054|314.166687
-82.645592|260.152100
427.833771|-438.652008
-499.260681|431.319183
493.700012|-116.720428
384.227173|-63.627411
-98.555176|-457.872467
157.488144|270.748993
212.177795|-154.651947
142.465164|384.097534
65.158577|273.555542
133.026627|-320.866425
-181.333298|-25.081968
-431.292114|348.895752
-402.675446|6.531580
-231.773285|-430.420685
232.942886|-412.271545
372.639832|-388.684998
-6.185347|-362.730774
93.646454|-317.432648
476.837463|-106.877541
-470.180908|337.854889
158.393173|-412.033661
-257.189362|-282.154480
422.818634|-470.182648
104.356125|-261.767303
488.746521|-77.588501
291.186096|477.344055
55.918945|77.916237
259.434967|383.135223
-11.101742|-399.861725
34.542778|43.135365
62.546635|-372.884460
99.728775|-475.353760
-214.776871|152.519119
-351.406738|-168.256149
-33.974274|-201.682709
-440.452881|286.968323
229.790741|321.000366
189.607574|-394.395721
-55.726788|-302.779724
-298.959137|103.498779
-113.652763|317.305084
178.661362|-413.958466
406.038361|57.399239
260.393127|-379.142853
56.058624|292.781921
-471.062744|430.121979
-122.638115|492.068024
27.168388|62.596272
136.987503|270.605164
-36.630066|-449.973724
-57.637383|-450.948730
-416.379028|-320.286011
-100.258347|-145.747269
-229.586044|138.115753
416.734802|225.186478
128.178314|-492.705353
-139.012711|66.466743
-202.568420|-138.101425
-300.591125|-492.759766
-102.212036|300.125549
375.636169|-124.652863
380.062866|46.197590
-285.094299|-402.398376
-248.584991|176.713638
-155.931717|103.396851
-457.489777|-228.152603
-68.514053|244.461121
-227.853119|-148.137558
327.435516|-76.347946
494.502441|-96.997246
-461.557251|-331.863464
-19.262051|113.152161
-169.695450|460.412354
367.499359|-352.241608
383.035797|16.519773
-259.461304|159.093719
191.267715|-325.068726
427.182678|-273.595276
49.133278|-178.398117
459.323944|-136.898865
-356.139221|-382.480377
119.773094|-337.274139
-171.737625|-230.361618
407.583344|484.695526
42.587040|-349.820831
-124.457863|104.136703
247.299500|-58.007500
319.672699|-373.424744
350.299774|-390.111633
-280.334839|94.302353
240.276138|-172.669662
-77.619850|-370.706268
182.160538|189.631989
-126.837379|-280.383240
-155.568878|77.105263
25.057341|439.161133
-191.798477|-434.870453
-489.098572|-121.290184
-1.703782|-382.216705
-138.642334|334.524078
-492.489410|496.088837
-499.000000|-385.511688
295.937500|-460.898987
388.684204|-2.988276
184.819855|245.715271
-0.313664|-288.158508
12.558399|33.337036
-477.159180|93.832726
-403.148682|141.131058
-40.511272|-288.982086
14.541417|420.878723
-33.996696|422.292267
-93.259193|318.402130
-239.415359|156.699097
-145.392639|-242.588150
-31.679716|-397.179413
-288.971832|-435.735474
242.226624|-78.530472
-110.303154|-5.314465
347.969147|-98.604935
-55.800945|-54.130512
-394.377869|-315.477753
-251.001938|139.434387
-499.511688|452.400391
-54.347847|207.315552
492.693726|465.593536
-1.043275|123.098953
-330.760895|95.700508
147.029861|499.295319
-97.370323|-58.675671
-419.199188|161.010132
493.653839|-481.176178
-430.145599|61.651905
-474.039063|-4.856733
-474.849854|-50.528458
-498.211975|-136.090897
-55.837959|227.657394
464.644226|-404.735626
398.820068|-208.115707
-71.285919|-395.747955
-372.487396|-330.353638
39.415768|304.886047
151.951660|-483.766693
402.139069|362.718842
-145.695343|389.808350
-250.136093|-439.204620
-102.744453|78.617867
23.014421|-355.837555
-358.479858|75.717262
0.995546|-344.419922
12.742945|12.934150
236.906555|271.532471
-372.299988|48.087818
414.538971|-488.396454
83.586327|-373.574982
-272.681610|-448.324005
498.880188|481.946411
-209.629822|396.883331
-90.190430|-8.176285
-347.419250|-333.846100
284.402222|184.876663
-153.131393|295.511353
360.978333|-25.223970
265.348572|176.939407
-58.788288|-379.580505
-105.659569|-125.942924
444.317719|110.290718
-197.415909|-44.034065
-456.573883|404.116791
401.025543|171.279694
92.866547|-279.315063
-132.561813|308.236572
-297.477478|123.797684
-390.710907|351.864105
196.896347|-217.273941
380.468567|-367.949921
-139.610626|90.317474
458.280060|-115.227051
437.439728|490.771118
-153.819244|320.706573
45.371986|-248.571106
-8.146901|-421.392975
-269.606506|177.748245
178.252411|-226.202545
307.549377|-81.851051
-54.051479|-422.800354
-158.695862|-214.802673
-450.955902|342.306305
-280.442413|-260.954895
-394.979736|-95.721519
-122.887566|78.048584
103.492729|-383.784790
395.332794|-81.123909
120.547874|227.062485
-266.976959|126.118408
169.991684|390.153168
-103.190872|260.873138
286.290771|136.724350
81.769745|-213.256516
356.607880|47.467285
-116.607491|-51.660042
-236.785965|257.629944
27.577139|-336.425629
482.308197|-463.668152
-331.410828|-346.454102
-255.115234|344.600739
-308.964874|-439.381561
359.901489|156.161850
-118.796967|-460.139252
-200.353683|294.711090
306.635590|-102.022362
101.283524|473.816498
75.069008|121.426842
-19.497055|25.678106
-357.710693|95.877289
399.361572|192.093719
-22.825769|-379.501099
-93.330025|242.782120
340.121094|-372.248047
-191.015259|-240.029251
-496.302124|199.776428
131.985519|402.265533
-170.377594|226.425110
-483.772552|471.928986
439.569611|-69.446320
-348.142365|-60.709278
274.710114|26.926577
248.996490|-319.414490
-6.615294|293.975647
-163.716980|338.431976
