-217.799530|-93.191040
-189.685303|-315.015930
-298.496979|93.247375
-296.978882|-86.178108
35.478596|363.057587
417.537140|105.244835
370.843781|251.011353
51.950996|351.083160
13.477354|383.614136
403.410614|63.369347
87.238235|-290.907288
259.002075|-190.149063
-163.822906|-380.019287
-129.421616|-348.850067
130.954071|466.105713
-318.825470|248.638153
298.232544|251.298920
-467.544800|269.364746
445.169739|-451.945007
-41.347225|-339.194916
106.238716|-385.476654
417.079346|-19.154074
99.093285|-404.181915
-151.640564|465.243378
352.755737|-223.759293
320.620605|-223.799057
185.575043|-4.562314
-222.694183|-49.735569
125.853531|12.839957
-414.987640|-58.460163
-273.423309|66.534386
-141.621841|447.575043
-140.165741|65.076988
65.964256|-462.637207
293.890350|211.400436
-5.366372|265.755035
116.627457|-123.354866
87.891632|-82.646538
-31.793486|110.328651
-99.657089|-194.718750
-489.132599|490.268799
-56.244518|220.958298
-165.212158|235.302460
186.074066|-295.985260
363.724304|395.671265
-271.738525|310.099335
244.422562|-17.117020
213.279831|-93.086929
173.356750|81.750122
-492.580414|346.862061
-80.750343|-203.719803
295.574341|-190.983307
218.503372|-52.695503
-310.636017|49.274162
23.373800|-10.245700
172.481461|-474.783386
373.866455|67.845528
-48.550251|350.220764
492.075470|-404.865387
205.482391|436.553894
-283.786621|-343.110474
23.013115|106.996460
282.900909|-303.414185
-373.317810|460.276642
-483.399414|-290.556549
38.713043|-278.035065
221.974823|-167.268524
-38.220440|-174.890869
492.260345|360.856445
-57.779713|402.955109
-464.058014|-334.264282
-394.140076|458.593170
-389.482971|-61.858227
437.705963|-4.282997
-125.442970|420.503357
61.529541|387.447571
281.535797|-282.253693
286.717560|339.828369
35.845154|177.997055
260.336243|-236.005188
-79.333290|76.918030
-414.901611|455.413239
-273.222839|3.225822
-305.614624|463.682068
283.091431|452.287903
490.806824|-425.600891
-41.536087|-241.120331
195.646454|-215.432663
-448.658813|20.569450
461.047821|201.105621
207.219116|-341.002747
-394.090302|-349.757660
308.678345|-485.588806
247.999207|-212.677994
411.713348|1.080864
359.611511|340.499451
97.397812|219.430115
344.203705|-495.578705
58.577892|-394.183075
-53.370319|59.174816
72.685997|-415.069427
201.233978|-375.714386
-111.595055|246.662918
-303.148926|-24.694759
36.895557|-298.578522
-498.936615|150.042053
325.371185|440.475586
334.748962|-345.986786
-138.240891|-191.905838
-358.668213|197.508530
-21.143436|418.219574
319.790527|-364.575592
321.041809|38.194973
402.448547|-435.963776
128.783234|230.205353
-344.209076|476.835449
-69.613213|350.101868
-51.278084|115.009605
41.199150|385.030945
106.902367|-498.762817
86.374023|498.745972
-493.983765|-189.676819
-59.496567|-5.638940
-119.455032|227.236816
289.434021|310.054810
52.068687|-412.693329
-283.612915|107.671303
-238.592072|8.280981
-427.351868|430.037628
-57.352436|382.399780
238.901108|-193.285553
341.860321|192.152710
-362.313202|-310.445190
-143.901154|269.960083
-196.855698|210.852295
-312.340240|-179.770462
-41.317204|368.873230
-226.597275|-9.027408
425.661469|-159.670013
-418.203186|-38.474648
-370.334991|-231.666855
-43.412746|-22.021980
-237.227631|-409.270020
463.408478|-327.323547
454.726196|92.184471
-152.037796|250.821625
98.791283|-423.976440
437.606750|-142.973572
15.477539|-29.754553
489.401520|-258.175568
-489.222748|-451.439758
246.783020|-252.089294
-109.508072|-112.978477
-477.582520|-470.645966
72.465401|-241.920349
-224.983047|205.238861
337.532806|49.280304
334.011292|-323.847168
464.320282|-458.896271
-286.182159|-13.122925
212.480911|-72.017601
-168.331100|-329.538391
80.160538|87.631989
-61.525368|-340.618866
-302.657715|113.255417
149.591125|-483.685486
-129.865860|464.872070
-370.080841|-68.490799
74.753883|-326.020905
-266.725830|372.854279
384.499420|464.528381
411.130310|-460.869141
151.707016|499.170837
442.835846|54.044601
76.632217|353.903381
72.282219|-305.627472
115.503426|-65.777451
445.177277|74.110504
-479.970978|252.445648
-100.966133|-174.357086
90.910355|382.329071
-147.213959|325.545349
-0.693480|418.122101
-132.409943|247.230438
-93.311989|-100.563461
-72.390495|-357.470062
-278.056152|-323.233307
319.555786|-133.791962
28.186075|31.899540
435.016052|-177.931625
94.227898|-24.124750
496.978241|-379.540955
-145.588928|230.602722
-405.670410|479.434174
14.084501|228.524384
-385.522034|477.072296
110.331757|61.485497
-210.675430|147.489395
53.378479|-433.086334
41.639809|0.960015
469.778198|77.445015
410.346466|430.643799
452.523438|18.408705
445.765991|112.091965
463.362762|36.441250
-381.833374|-85.790253
11.241902|347.603546
-497.464630|-476.796143
316.119843|-336.170807
-203.534073|-398.888489
-264.299164|-438.541870
17.786163|188.667068
83.564903|-391.674469
296.369904|468.384125
-95.636536|-468.190338
-325.911377|461.735809
32.906208|124.672615
-25.604473|-361.510071
-330.415863|44.115814
67.021530|-222.241501
121.091789|-85.229706
100.058838|339.957886
-435.232452|-58.078823
324.264069|-499.763336
-11.197778|-346.088989
-263.528076|-338.363098
391.182312|438.598175
-358.060242|433.994049
48.438519|33.528976
-273.156006|-256.304901
338.200378|244.416199
-16.346819|248.720245
433.763824|92.483055
163.589066|286.449921
-71.012192|-322.300690
-67.696228|20.912491
-482.592712|33.892845
-297.580383|-145.152878
455.312195|284.453247
489.815643|83.512665
237.749191|-230.907867
-220.465851|417.095276
-354.149353|218.146912
-253.294617|318.896240
103.715714|-96.189056
-495.615936|-430.353882
-284.955170|127.924042
395.108521|-211.450134
327.792114|-476.828491
-283.061462|327.793030
125.814934|-376.967102
-81.587555|-339.711578
-351.456818|273.565887
87.516899|-109.250954
255.231552|-136.836441
86.215233|-461.355957
-90.690216|-78.282768
-435.049713|461.427399
-148.044800|-333.672272
-273.801514|-171.321793
-22.698496|137.592804
197.371017|-313.378113
-485.476624|-165.353210
44.063053|106.723518
-262.792480|110.034737
229.259521|-472.030487
-6.602787|337.461243
197.649384|12.397708
39.066692|-211.085938
437.582184|-24.614458
-208.226990|-111.752190
-168.363663|394.474548
51.848228|-191.043686
-397.915131|-416.923645
-264.069916|-275.287384
-206.733093|489.750275
-297.817871|-328.316528
-492.528870|134.521973
-145.255066|427.319305
-331.831299|343.986176
227.697632|-210.835983
37.633877|-398.162415
119.741188|-21.536930
-58.095024|-72.990112
-264.068115|130.376938
-483.199493|154.049713
56.307652|-292.355621
-6.790553|231.024338
463.714935|-438.058563
-118.208420|-186.515823
-459.191406|348.206848
265.219177|379.061737
-264.385620|335.610504
-365.233490|478.904541
340.102722|28.110348
-450.142365|41.290634
383.171173|128.943741
277.597168|-181.618942
119.390190|249.004883
-271.937775|353.362366
