-317.528625|-62.920551
-116.075417|-242.127777
-396.724274|60.696003
-223.112350|-9.924436
54.258450|288.448456
353.344208|43.127720
463.199219|312.582031
91.629730|294.329681
-1.897964|289.888336
330.766266|135.519119
191.443497|-257.010590
248.116974|-150.878281
-230.422455|-468.820190
-34.965263|-383.883453
23.268169|439.182251
-252.223801|159.837250
192.927994|286.401642
484.011169|349.908691
381.672821|496.924896
-70.754761|-334.089722
98.452217|-299.278595
448.722656|-46.592705
35.744923|-329.020569
-107.408150|367.310547
277.783386|-268.245483
402.005127|-184.172318
161.827560|-94.970985
-136.018341|19.605560
204.433899|-57.536880
-377.338806|36.398399
-365.778778|4.962820
-94.641792|349.720703
-113.244537|-42.608910
163.556686|499.428131
188.585800|246.501205
35.896740|348.100983
103.092636|-40.222172
35.621883|2.022523
10.143337|182.610168
-107.326180|-155.187500
-488.085205|-426.116272
-157.983582|185.248322
-71.900604|287.688263
251.062637|-206.546204
430.327118|306.871216
-324.947205|278.606293
294.063995|82.164520
164.058624|-188.288376
200.341553|189.418579
-430.083954|416.624603
-87.172142|-103.384453
308.401978|-221.357101
149.723648|-21.165443
-355.587341|-50.113831
-5.995030|94.229286
219.333527|-377.564484
346.942993|175.530975
-1.030771|269.408844
-424.662231|-424.580872
107.501320|484.230804
-324.547821|-308.026825
-65.656464|45.066147
332.641083|-401.111115
-282.471405|451.613861
455.874359|-336.206512
124.760124|-278.992493
122.693153|-216.908264
28.379608|-86.090500
-441.874695|433.163544
-33.650433|-492.075470
-419.672119|-248.143677
-302.939972|456.500275
-298.240662|-55.194466
-491.030884|43.722450
-90.576042|315.121796
8.759834|484.001038
331.597412|-379.892273
392.022125|304.725342
12.694584|103.604301
321.931213|-184.473236
-10.281630|132.113953
-351.403564|-481.465179
-172.749069|28.457798
-384.991730|387.094788
330.738495|357.589508
-411.891388|-453.088837
-91.180283|-141.840378
267.276886|-142.547470
-413.382080|116.283539
406.270966|112.075401
136.848206|-259.282349
-493.369690|-399.399750
211.557404|-467.838013
320.840698|-204.595764
339.625366|58.274067
410.648315|242.275391
119.500168|324.426605
248.955246|-464.573975
37.208694|-475.602997
-80.387711|134.625122
18.911123|-485.979797
275.233978|-301.714386
-18.039179|303.590149
-266.776154|79.955093
85.819092|-365.023499
-433.330872|98.375641
388.127838|-475.747620
391.560883|-290.403412
-214.043945|-112.282684
-432.680664|123.855980
-2.214608|-489.336945
423.509644|-328.956757
235.411880|-20.808741
497.607300|-484.524017
228.102982|180.641418
-243.668076|497.234863
-18.287348|258.267578
-141.503830|170.979630
-25.417103|473.356476
211.377197|463.868347
139.602600|416.537476
448.046112|-94.495819
-31.769464|-95.009193
-27.497513|285.266052
197.077103|371.625122
-23.784096|-468.817566
-374.628876|89.525887
-260.355774|117.126495
-454.216736|416.118774
-24.838833|410.518433
235.740326|-220.493744
314.936859|299.837524
-436.299988|-236.459412
-66.950539|333.009827
-234.830032|309.152466
-207.035690|-144.669693
-15.900353|454.932007
-248.358536|99.783775
-488.928497|-229.431564
-375.770508|59.077461
-281.490936|-171.565216
-52.622631|-92.022057
-294.335541|-314.087158
494.668274|-246.878387
385.136017|78.198265
-59.804932|303.748474
31.467356|492.961914
466.997009|-36.946724
-14.526994|75.044823
474.536621|-345.801056
-423.551025|-471.714355
300.044250|-340.793274
-155.069778|-34.053696
-368.734039|-448.892700
145.460556|-176.069809
-289.598267|293.420013
365.499847|88.081963
265.603851|-252.046280
466.087128|483.830200
-301.264038|-76.052399
179.416519|-58.964272
-258.146973|-289.726807
10.171573|12.348107
16.896423|-372.184052
-409.452972|139.097260
239.694199|-424.705048
-83.168602|367.261932
-267.511047|-48.815346
174.393341|-350.831177
-330.057098|462.466156
320.436035|-479.663177
324.036987|499.000000
75.278954|469.993652
-456.355499|14.207491
-6.181898|420.168793
170.417511|-320.120941
180.646118|-102.718971
368.982574|66.157745
470.231842|334.854675
-175.878952|-102.007996
72.508255|298.636902
-230.518250|288.548706
73.272079|492.000000
-39.586483|302.103607
-50.045399|-60.390808
-97.178741|-430.577698
-262.842194|-262.514465
377.139465|-220.672287
133.430878|66.971313
-498.506470|-247.652908
192.322128|-40.329178
429.320496|-461.114319
-52.309723|283.999817
-387.100616|-458.608551
92.560768|150.022873
-283.523895|-490.119354
176.931305|150.285553
-131.911774|189.080795
-13.300445|-499.000000
144.700577|42.184368
376.239624|46.875351
445.206940|325.260193
381.870758|7.433056
441.504181|191.625427
391.481934|25.239544
-307.001343|-144.387192
101.479462|382.276794
-424.193787|462.783966
274.195740|-425.916718
-295.890839|-460.458801
-185.809662|482.020660
-18.041935|114.079216
33.417393|-308.716583
232.839981|-477.505127
-86.233658|-385.873322
-405.298645|385.291809
121.033791|141.078461
-118.621277|-405.276001
-379.881317|-55.251984
108.334496|-119.217560
187.528412|-121.844902
56.258625|310.178497
490.674042|-135.197510
239.444031|-497.439636
-70.527306|-273.228607
-245.669113|-273.675049
426.834167|335.260040
-461.106689|466.952209
153.740494|68.636139
-245.016953|-150.126297
445.885193|271.338867
31.595276|327.560272
393.771088|127.854927
79.286194|318.547455
-161.014664|-301.621521
-40.775024|128.598434
-413.023956|95.694695
-322.884949|-201.121307
388.710388|195.652344
-479.076874|27.183771
324.952118|-232.149368
-287.115631|470.598175
-407.535736|242.882416
-197.871399|286.128937
54.320705|-7.752226
-404.184509|-476.264618
-388.692352|139.518234
321.108521|-285.450134
229.972473|-457.152985
-345.303223|279.861420
178.088989|-469.674713
-180.840866|-306.525818
-425.456818|347.565887
42.237499|-31.909586
304.873474|-37.554775
178.229141|-497.576874
-35.198914|-74.404755
-371.374481|-475.527863
-64.262505|-353.414703
-187.125198|-240.662918
-84.269981|229.950531
270.524231|-232.050430
-396.675720|-231.952759
-44.780991|47.970009
-354.275543|69.400063
278.900269|-372.751068
-22.797684|433.764984
234.185638|-86.398491
-49.772209|-277.632660
497.794922|-115.318558
-294.971832|-119.473297
-114.067894|343.311310
73.617119|-82.198578
-294.855316|-375.700623
-179.371323|-273.277039
-171.632324|-404.144928
-386.434814|-265.455444
-392.247284|118.972122
-109.617096|323.614990
-429.346680|395.611237
289.626740|-243.632828
-18.730667|-426.304840
142.513641|-86.555199
-112.092934|-134.125290
-227.445938|196.891815
-385.951172|159.815903
130.675537|-239.438873
52.622208|144.257629
-442.951569|-464.074951
-193.227890|-113.482506
-445.271179|453.377533
317.064301|462.789795
-309.864777|293.340820
-281.664825|490.107971
347.758362|76.643188
475.967255|114.809891
461.698547|194.652512
303.618561|-174.064651
218.581924|199.347260
-335.145477|441.998810
