-318.300262|-62.440430
-114.075417|-240.127777
-399.381805|59.304890
-220.991013|-7.803117
51.944675|287.279510
350.415985|42.949997
465.692932|314.249786
90.231499|291.970734
-2.364489|286.937378
328.766266|137.519119
194.289566|-256.061859
246.300659|-148.490753
-232.222443|-471.220215
-32.023521|-384.471832
20.357738|438.454590
-250.423813|157.437225
190.081924|287.350372
481.136536|350.670410
378.989594|495.583221
-68.111893|-335.491028
99.179817|-296.368195
451.534790|-46.160801
33.966553|-326.606262
-109.529457|365.189209
275.247375|-266.722137
404.405151|-182.372330
163.971634|-97.067566
-133.675751|21.479645
206.833984|-59.336792
-375.999237|39.082718
-368.274872|3.298719
-93.930008|346.832153
-112.516937|-45.519341
162.083145|496.860413
185.739731|247.449875
37.238884|350.784027
101.549149|-37.649693
33.821976|4.422592
12.264656|184.731506
-104.458054|-156.065613
-488.822144|-423.208191
-160.352951|183.607834
-69.014076|288.228516
252.858673|-204.143234
432.140961|304.481689
-327.786865|277.638794
295.405670|84.847809
162.716904|-190.971634
201.560501|192.151459
-431.227875|419.386627
-86.583794|-100.442711
310.163635|-223.696213
147.040359|-19.823799
-354.638611|-52.959885
-6.193098|97.206238
220.675140|-374.881256
346.215332|178.441376
-0.126442|266.692688
-421.876831|-423.466736
104.818039|485.572479
-327.458221|-308.754486
-68.152451|43.401802
333.982758|-403.794342
-281.826843|449.027832
453.404083|-337.908722
127.606163|-278.043762
120.009911|-218.249985
30.179611|-83.690506
-441.809723|436.156616
-32.600246|-489.283478
-421.231537|-245.589096
-300.367523|457.955688
-298.727905|-56.684799
-488.455963|42.183205
-89.633934|312.273560
7.645143|486.786255
332.949097|-382.570496
394.868195|303.776611
14.001189|100.903831
323.135742|-186.864304
-8.779792|133.105392
-349.294830|-479.331360
-169.807297|29.046146
-387.110046|384.971039
332.080170|354.906281
-409.278412|-454.542236
-92.570427|-139.182175
266.195343|-141.682968
-411.927795|117.819084
404.712982|109.698517
135.093918|-256.861359
-496.049774|-400.747711
208.647003|-467.110352
319.432220|-205.548492
340.924744|60.978039
411.989990|239.592102
120.227768|327.337006
247.837875|-461.790009
35.276974|-477.756317
-83.070999|135.966736
18.085350|-487.074310
277.233978|-299.714386
-15.179596|303.549347
-265.827423|82.801132
86.546692|-367.933899
-430.578125|97.227180
390.001984|-473.404968
394.406952|-289.454681
-216.164810|-110.160904
-432.418060|120.929550
-2.035018|-487.594055
426.355713|-328.008026
232.915726|-22.472841
-499.301056|-485.638153
230.787292|179.301819
-240.726303|497.823242
-17.309605|255.431366
-141.789017|173.938446
-27.224770|475.750702
214.223267|462.919617
140.330200|413.627075
446.502655|-91.923340
-29.271618|-96.670746
-25.894657|285.684631
194.580948|373.289185
-26.467377|-467.475891
-376.172333|92.098366
-260.943909|120.068268
-453.132294|418.783173
-23.838446|407.690491
237.916382|-218.428726
314.209198|302.747925
-438.269928|-234.476135
-65.286446|335.505920
-236.172791|311.835205
-204.189621|-143.721024
-17.320910|457.574341
-248.968796|102.720772
-486.536987|-231.241745
-378.455475|60.228416
-278.994843|-169.901093
-50.149750|-93.712410
-295.878998|-311.514648
495.396240|-243.968048
382.650421|76.519386
-56.935699|304.522125
29.661869|490.566040
467.718658|-34.034809
-14.659878|77.969193
472.018402|-347.243073
-420.723755|-472.708740
301.385925|-343.476501
-157.469803|-32.253693
-365.789612|-448.317902
148.371292|-175.343445
-292.595184|293.292542
367.390808|90.410934
264.762970|-249.197495
468.208466|481.708862
-302.868347|-76.197502
178.834518|-56.021275
-257.015289|-286.953094
8.171573|10.348107
19.838165|-372.772430
-412.283112|140.073532
242.190353|-423.040985
-82.436859|364.378662
-264.569275|-48.226997
177.076630|-352.172852
-331.857269|464.866058
318.314331|-477.542206
321.912262|-498.284271
72.432915|469.044922
-453.509430|13.258806
-8.607374|421.917969
172.989960|-321.664398
182.828201|-104.776901
366.546906|64.406433
467.325775|335.599457
-178.031143|-99.922127
70.424141|296.909088
-231.354416|291.429718
75.272079|494.000000
-36.867989|302.745941
-47.249542|-61.367252
-98.520386|-433.260925
-261.349396|-259.983002
378.481140|-223.355576
136.293976|67.865158
-496.351105|-249.340073
194.763077|-42.073170
427.199158|-463.235657
-49.377209|284.632141
-384.442291|-457.218109
94.682076|147.901535
-280.951385|-488.575897
178.731293|152.685577
-129.065033|190.027374
-14.642534|498.726318
147.485977|43.298534
373.830200|45.087940
446.171387|322.419495
380.679596|9.832410
443.656769|193.708847
390.112610|27.908781
-305.337280|-146.883347
103.822083|384.150940
-422.193787|460.783966
272.531677|-428.412811
-298.386932|-462.122864
-183.688324|479.899323
-20.068789|113.455719
31.617203|-306.316681
231.739319|-474.716309
-85.284988|-383.027252
-407.419495|383.170044
123.819221|142.192657
-121.304565|-406.617676
-381.222992|-57.935272
109.448662|-116.432129
189.649948|-123.966019
54.088123|310.785156
488.550354|-137.316467
238.310516|-494.662018
-71.868347|-270.545013
-244.029831|-271.204498
427.823700|332.446228
-464.019196|467.671417
156.586502|69.584938
-244.289352|-147.215897
448.795593|272.066528
32.930813|330.246490
394.602905|130.507996
77.291794|316.372223
-163.849319|-300.641968
-40.047424|131.508835
-410.343964|95.818901
-324.884949|-203.121307
386.910339|193.252319
-476.504364|25.640360
327.772858|-233.169525
-287.813293|473.108398
-408.484467|245.728485
-195.025330|285.180206
52.576622|-5.311657
-401.426910|-477.445313
-391.628876|140.069550
319.108521|-287.450134
228.859741|-454.366974
-348.149170|278.912506
179.753113|-472.170807
-183.686813|-305.576843
-427.456818|349.565887
40.237499|-29.909586
306.215149|-34.871487
181.075211|-498.525604
-33.233459|-75.953308
-369.245361|-473.414642
-61.578133|-354.754181
-184.782608|-242.537003
-85.934074|232.446686
273.007080|-230.372849
-394.275696|-233.752747
-47.300304|46.342056
-353.326813|66.554024
280.241943|-370.067841
-23.746344|436.611053
235.527252|-89.081779
-52.422443|-279.014343
496.881927|-118.174561
-295.920563|-122.319336
-113.267853|340.420135
74.205467|-79.256836
-292.069916|-374.586487
-176.525253|-274.225769
-170.683655|-401.298859
-388.930908|-263.791382
-389.314331|119.116859
-108.563179|320.815552
-429.853027|398.564972
287.961060|-246.127960
-20.604752|-423.962189
144.623840|-88.686775
-113.388512|-136.830948
-225.645950|199.291840
-383.235168|158.781769
131.780060|-236.649612
53.349808|141.347229
-440.025696|-464.700745
-195.157974|-111.226173
-446.865540|455.883392
318.178436|465.575195
-312.687378|292.325653
-278.980377|491.447266
350.037354|78.584412
473.967255|116.809891
463.819061|196.774612
306.551941|-174.184570
221.263428|198.002411
-336.957642|444.389587
