-448.171875|-37.868431
-30.871567|-150.108307
471.480896|-5.900832
-118.106270|95.080780
-67.475815|221.390656
272.366974|44.701000
-475.572449|387.083801
164.924957|172.083344
39.966583|150.908920
231.766266|234.519104
331.365784|-217.476532
154.814056|-63.334660
-155.586655|-490.473602
110.650963|-413.008209
-111.567162|433.600281
-182.533646|47.698566
52.142662|331.557953
433.235321|464.671814
250.994354|428.615204
61.559189|-400.645508
135.252182|-156.809677
-452.219025|-143.179932
-65.914833|-382.434052
-207.375931|262.158417
266.645447|-272.735199
-478.099426|-95.750946
163.454300|-81.756256
-26.970776|87.053673
325.547180|-118.764648
-306.511688|156.514526
-489.337311|-77.407425
-26.992649|233.684021
-83.499855|-185.561310
109.580589|439.063934
54.282825|289.422516
102.400398|478.447845
28.419062|75.695526
-52.194035|121.258186
83.266212|290.773834
28.661215|-201.486771
457.070435|-317.147766
-289.592316|137.829910
-128.528824|377.698608
335.232574|-91.925079
-484.226013|209.650650
-432.101227|220.620789
354.435455|179.145569
90.390686|-306.475922
252.335251|322.677551
-319.969879|473.954559
-59.839760|41.959976
257.664581|-349.417023
37.639130|55.824020
-308.234070|-190.823578
-45.687687|222.300629
283.093933|-247.652466
310.923767|319.595795
59.698471|145.785004
-288.510803|-373.411102
-22.663757|-461.827362
-467.371887|-343.024902
-185.151611|-30.478882
398.452332|465.155792
-194.555130|332.606964
343.542175|-422.834412
261.520691|-230.642380
-8.489470|-283.377960
117.478561|32.709995
-330.524078|496.652130
-12.526507|-368.880371
-322.257660|-148.739532
-261.400421|341.331604
-223.961197|42.157944
-383.345215|69.124199
-38.915771|186.822723
-32.603859|-393.000305
421.741394|-486.254425
-468.419159|262.975342
67.344093|-6.652757
417.444794|-84.132072
87.002754|229.394135
-300.851868|-389.258026
-79.226303|48.547031
-320.776062|270.768555
397.137207|224.762070
-301.656464|-449.678619
-164.897614|-25.708675
344.010437|-48.427277
-395.593414|194.605881
328.838715|-3.672162
34.788837|-152.217010
405.986298|-472.986938
94.748878|-458.340332
420.598114|-208.989975
241.076675|148.426743
456.846130|115.294693
171.687653|425.698608
236.678940|-334.667023
129.446854|434.923523
-213.210663|201.034653
48.425457|-497.408966
372.792023|-208.822769
100.378510|372.591949
-208.893219|161.489349
106.485176|-475.165131
-454.507050|-4.314207
481.691498|-364.627777
-467.142700|-243.442062
-309.486023|-5.262971
-493.154175|55.002022
36.804146|-382.732635
-434.578308|-283.554932
111.852219|-103.181396
-418.795563|-431.085144
335.815277|107.572731
-136.875198|-483.728821
37.084229|127.822708
-257.349335|243.777710
-78.680946|-408.540771
352.259979|416.913513
174.542877|281.242188
371.644775|32.841789
90.068108|-171.808212
60.343258|270.494629
101.006882|457.379852
-144.238846|-415.053253
-444.252747|170.190781
-281.250397|253.701080
456.858887|347.537354
29.450764|292.554199
140.649170|-271.612152
270.430145|436.505676
-471.366211|-150.717819
7.233161|454.165100
-301.062531|438.342133
-66.216515|-97.553604
57.699890|-472.988983
-254.526352|150.699524
-380.669800|-269.149811
-320.218292|178.988678
-157.931885|-89.191811
-37.604568|-200.094299
-371.106812|-190.570618
-422.060211|-194.384583
394.521912|168.997589
-14.372910|435.852844
-90.753380|430.601379
-496.034668|107.123032
-108.876091|177.568588
432.530914|-453.421570
469.137268|464.789032
362.342041|-432.959412
-273.951233|54.366978
-224.526886|-420.355499
262.723846|-124.590134
-385.007813|390.511719
446.972137|181.986420
230.208420|-147.384445
-433.270905|389.352814
-342.501526|-193.602280
153.605453|86.017097
-371.798309|-250.216568
-85.175056|-88.437576
162.270493|-401.986267
-470.919586|156.557037
362.113281|-379.279541
22.839245|314.110260
-203.522232|-13.414264
303.587463|-418.396637
-340.417542|-452.531921
219.882126|-374.515472
211.925064|-495.391693
-65.580933|422.975342
-315.824371|-33.456913
-99.035774|-468.842010
296.442596|-395.794220
289.279877|-152.540085
272.387543|74.345749
339.501709|346.586761
-265.977142|9.097942
145.532043|180.592560
-344.244751|222.104782
164.670746|-423.088623
61.320503|397.648865
16.673798|40.081238
-163.589325|436.005188
-224.214783|-119.410118
443.552368|-353.492859
127.492554|155.841415
-416.090515|-344.745209
314.790405|-100.854591
323.239716|434.978638
61.262329|308.700500
-436.515442|-344.026276
188.635986|79.363922
-148.085754|-466.297424
266.031036|269.086761
-11.459402|253.721527
-19.887501|478.658081
280.431610|96.052010
261.539520|-13.998713
405.945892|262.112335
267.606964|-57.444912
451.731720|295.210815
294.813202|22.521435
-224.629105|-267.946564
216.700836|475.097412
-326.999756|363.561646
180.905151|477.927917
-421.121460|495.912872
-80.804115|377.014435
-98.625656|39.623825
-56.050499|-191.856262
155.778656|-360.574188
-39.274124|-244.992889
478.112518|336.658081
258.911194|196.231216
-251.444061|-471.688904
-453.859009|-178.507217
163.486771|18.661215
279.790833|-207.366501
-54.641563|335.212830
387.360535|-236.573090
163.638290|-444.497314
-59.552326|-145.005188
-147.881897|-174.514404
350.632080|268.544952
400.802216|486.161835
293.090393|115.519913
-240.310135|-12.007577
-409.297241|307.358093
120.993446|395.049194
423.124695|273.186707
-4.561710|389.567657
-302.188965|-257.658691
-4.807682|272.675659
-299.388397|48.924530
-421.886658|-300.118042
298.991394|83.579239
-352.040985|-47.300194
462.864532|-287.207153
-310.860504|-431.475525
-453.453796|383.922913
-57.526222|247.072662
-30.761452|112.386147
-310.157288|-469.077454
-491.678284|166.603897
263.257233|-387.710297
177.740646|-319.322296
-484.595673|232.773254
245.481186|409.151886
-321.299927|-264.771271
481.411530|413.308441
-45.809490|71.247665
284.004761|-40.906754
309.671326|455.534729
44.517902|-23.472719
-322.104370|-392.088776
68.596313|-419.752991
-63.996754|-321.279785
-160.813522|354.061096
386.113220|-141.048004
-278.267273|-304.586273
-144.888321|-41.189320
-314.234070|-65.823616
353.994659|-252.225311
-62.285515|-425.164612
314.435455|-195.145569
-171.287384|-358.771332
-433.766785|-237.165009
-343.833557|-259.183563
-56.564594|292.145599
70.672318|48.469471
-156.977844|-320.550995
-44.014065|-326.007721
-123.607162|-264.775391
498.718506|-187.829361
-302.858276|82.056252
-100.884941|206.069122
-379.455414|479.672333
194.272156|-331.884460
-101.991829|-309.377960
205.010025|-217.598099
-162.254150|-223.013657
-147.341904|316.603516
-243.707199|191.902084
173.953018|-105.939201
48.288929|39.084583
-323.064209|-414.957916
-289.398712|-8.431532
-418.872589|-411.030334
368.832855|-406.034271
-416.270844|357.134460
-290.869232|-428.802551
287.822784|154.791977
381.413849|210.947388
-434.515472|300.117798
400.848755|-71.959457
326.107513|290.441498
-418.445648|-452.218811
