-375.411865|-56.058456
-67.077835|-193.131042
-460.764008|27.640213
-171.139572|42.047935
-6.322763|258.046936
310.836609|87.615112
490.925842|356.855286
123.325851|234.489395
10.261115|218.300812
281.766266|184.519119
260.214050|-241.193268
201.722473|-118.143356
-214.678665|-498.270813
37.107414|-398.298737
-38.807678|451.795471
-226.791092|106.384499
123.199341|309.645538
451.426849|391.911804
315.933746|464.053864
-5.108585|-366.966675
116.354721|-227.993134
499.000000|-92.378616
-12.881807|-329.400574
-159.380630|315.337769
231.385437|-310.492889
461.199615|-140.750717
204.140656|-138.243439
-80.760971|43.899765
263.236023|-101.633873
-340.053558|89.432312
-426.934967|-35.805099
-70.647774|288.740021
-101.691200|-112.801430
162.383438|458.739319
118.857201|269.744476
68.775444|413.837006
65.277191|22.803566
-7.522504|61.050240
62.115730|234.582947
-40.974842|-173.632721
475.261688|-389.907806
-221.369568|159.644608
-68.528976|332.697388
292.347443|-149.776642
474.339783|266.693420
-394.660339|256.645691
327.020447|147.859482
125.783386|-246.878815
234.145233|249.917542
-385.808044|448.353119
-72.757607|-31.311775
291.206451|-282.336334
83.983307|11.705176
-331.952118|-119.671936
-16.520527|163.534882
251.727234|-311.616364
329.115295|246.835785
21.672255|201.427902
-356.560608|-398.003204
41.766273|-482.095062
-395.852631|-325.854523
-122.990234|11.451844
365.510895|-466.850830
-239.528870|392.626770
394.885864|-377.135986
194.488785|-255.748596
58.592644|-249.836411
72.479614|-27.290634
-399.417511|467.623993
-27.235285|-442.424683
-377.417816|-193.837601
-257.178619|404.303528
-257.515930|-12.795899
-428.346466|9.124323
-69.287216|246.004700
-4.756016|-458.728302
372.734985|-437.053070
459.866547|286.693604
30.436447|43.091572
380.410156|-146.260757
38.220207|180.105392
-353.017395|-442.512024
-101.533127|38.574932
-366.683136|329.728455
363.609528|291.850433
-361.129639|-460.733826
-126.306747|-84.846397
294.010437|-98.427277
-421.165863|137.104324
362.380585|63.409954
87.040047|-205.835236
448.958130|-434.263000
151.739670|-472.052734
362.238098|-209.756729
298.351349|103.555656
443.460358|176.506714
149.277069|363.539001
223.221436|-398.023499
79.229195|479.896576
-146.128281|167.494659
-4.576285|-479.460785
322.792023|-258.822784
37.986149|330.973145
-239.669540|122.866844
103.645294|-436.328308
-420.965179|62.767891
434.671814|-419.104523
461.289581|-267.159515
-257.162720|-58.590279
-438.973541|102.609520
3.047441|-439.430786
493.307861|-307.250305
174.256088|-61.579071
-437.537994|498.497955
293.501617|149.817398
-194.823135|-489.755859
5.543680|188.738480
-190.267151|210.237274
-38.169651|-463.944794
281.105896|440.624451
158.001236|345.722778
410.231415|-31.470081
27.774214|-130.051392
17.775181|315.639160
147.098755|411.851196
-77.156631|-448.595062
-418.973877|116.505043
-267.708466|181.380493
499.345428|389.675842
0.536359|357.703369
196.103104|-232.427109
297.109161|371.142334
-422.236481|-197.538544
-32.693237|391.201355
-267.520660|371.261444
-137.306992|-121.427284
13.766737|481.000000
-259.185516|162.405518
-429.526123|-257.759674
-353.760162|111.906464
-220.335754|-130.794189
-10.117439|-135.856644
-332.231781|-251.111099
-446.033997|-245.861496
349.521667|108.996681
-28.553377|363.729584
-17.999060|448.605133
484.810608|34.362259
-48.881767|132.561478
414.556183|-383.931915
-463.447235|498.330902
323.413696|-381.769287
-213.870377|10.046329
-298.071198|-435.064972
214.839325|-156.279861
-341.678284|330.473480
396.931763|129.852051
232.450546|-194.652786
-486.294006|442.396484
-323.234711|-140.602493
168.314926|12.473549
-302.806274|-257.410950
-38.684258|-36.687744
88.969101|-386.599335
-437.903534|122.768845
300.849182|-383.935669
-36.961967|344.539246
-202.216644|-39.443752
240.133911|-383.702209
-372.834686|-482.638153
268.089966|-429.646790
271.925598|-450.390472
5.550747|446.749756
-386.976105|-9.739796
-46.002922|477.256287
233.442505|-357.935638
227.572693|-139.425919
333.121796|96.840164
412.261719|328.395233
-220.798691|-47.118076
103.927269|242.982330
-284.244141|267.104858
122.272125|-458.171967
18.239347|337.778290
-11.209914|-29.542555
-130.048981|-496.316772
-242.404785|-192.170212
410.010498|-286.412170
171.337296|99.158394
-446.970764|-290.626312
248.732971|-86.580986
376.374390|487.904694
-3.072526|323.459015
-389.822327|-402.715698
144.533035|98.050537
-217.947540|-477.209442
221.031006|209.086151
-63.780521|210.812973
-24.129486|-478.987915
210.519775|71.993782
320.249084|31.925781
437.162689|306.084106
324.793060|-16.674625
462.866882|246.757584
338.487732|21.929556
-266.231812|-205.542984
159.108688|427.863831
-376.999756|413.561646
222.508224|-459.062500
-357.869324|-498.480713
-133.836884|430.047882
-78.728256|74.349327
-11.061122|-251.864670
206.539337|-410.228088
-62.991241|-316.144623
-464.535217|373.538147
189.276184|168.376282
-184.361847|-438.147034
-412.752350|-120.992554
135.631775|-50.974506
235.541962|-159.659912
4.611211|299.788757
438.575439|-187.037186
211.948120|-430.521179
-83.687462|-206.259796
-210.285767|-216.117432
417.112701|302.408142
473.043121|472.622589
221.935516|91.812798
-227.761673|-78.731247
-482.057251|289.166565
63.536083|393.623993
408.429810|199.639648
25.303596|357.494049
-230.716766|-278.479309
-22.948727|199.903244
-366.487701|82.428436
-371.884949|-250.121307
344.552368|136.895920
-416.353760|-8.713139
393.229828|-259.352814
-310.354462|-471.594971
-430.779633|312.611115
-128.142700|262.885040
11.021921|51.042614
-352.008423|-478.502808
-440.481079|142.986145
271.838287|-332.692200
204.888184|-389.173157
-415.028870|256.613403
203.859360|471.541626
-250.564117|-283.268005
-472.610352|392.624664
-6.762497|17.090416
334.291290|2.031352
238.521912|479.259460
10.976806|-90.554909
-370.729980|-427.483887
1.499772|-386.241150
-129.731735|-286.578796
-119.210602|291.658752
327.546936|-187.900116
-336.929230|-271.478638
-102.565598|6.714833
-337.952332|5.327655
320.452576|-319.305969
-39.669804|-496.464630
271.557678|-145.018417
-109.742729|-317.967316
-465.572968|-177.391754
-318.215729|-189.201904
-88.341293|278.057007
88.028931|-10.125360
-226.613007|-348.404297
-109.848381|-296.970703
-148.389923|-334.416229
-447.589111|-224.684753
-375.083740|101.681839
-86.642769|257.777710
-406.606140|448.268829
238.606430|-274.444855
-64.645737|-368.909882
181.293289|-146.446365
-128.713776|-155.931442
-183.346237|255.692413
-316.467194|173.711960
146.098190|-175.574463
70.448410|72.952240
-376.974457|-446.975494
-236.415436|-60.204399
-437.079285|-483.787170
344.462402|-468.447021
-371.269928|297.133698
-289.587738|-473.638428
318.208099|110.455521
426.974274|163.814331
-487.548920|247.084351
363.652466|-134.103088
273.073914|237.408264
-379.993439|496.500000
