-145.924774|-104.744247
-239.429169|-362.094025
-228.779037|73.096672
-353.716309|-134.198883
-8.905690|423.159058
451.726563|173.680115
326.316925|206.103546
8.521903|412.502808
47.635014|452.062256
436.957581|12.791447
43.374889|-320.826172
272.617798|-223.551956
-122.695061|-320.311066
-196.682999|-325.935913
203.579590|485.244965
-360.654846|309.296265
366.451416|232.452454
-431.046692|213.667221
395.393707|-410.275146
-19.424755|-360.918121
92.896156|-425.909698
370.874512|-30.216436
132.558990|-367.646729
-146.716705|-467.619598
403.755737|-172.759293
259.438965|-269.724030
227.996979|59.097969
-282.430939|-97.524727
65.001411|56.974964
-473.696686|-91.904282
-206.513550|64.793327
-176.130630|-486.615997
-155.199615|135.288605
1.984908|-433.868591
366.465118|187.209366
-26.195910|292.004578
155.985840|-188.952362
133.772690|-143.860718
-23.043419|63.645084
-126.234856|-204.891083
-474.327759|416.785278
-26.642488|245.894638
-228.901230|197.908798
140.811707|-349.395264
364.724457|428.981628
-340.138153|327.612823
206.367813|-79.780914
250.809616|-37.588490
154.802948|7.534145
435.584991|323.901215
-73.517204|-273.072968
335.374786|-130.648987
272.826294|-36.334309
-279.568756|112.491615
34.829185|-83.536186
136.392700|463.447235
365.237183|8.935448
-78.122490|355.287811
431.180023|-401.210083
273.905853|402.341187
-261.259247|-391.059021
77.591637|129.124649
244.028381|-242.450165
-437.817719|470.608521
-421.677124|-247.079376
-12.220619|-255.784485
247.212158|-133.846130
-35.378674|-237.144897
420.408142|338.466309
-70.555382|330.042358
482.029297|-384.663940
-457.607666|463.550232
-460.968262|-71.372162
384.891449|3.298534
-149.114319|493.247986
111.657059|331.990021
246.498230|-221.431290
215.064026|359.980469
6.928088|244.027390
196.680054|-278.433380
-130.333298|25.918030
-436.671600|401.144470
-327.660248|21.534456
-257.840881|-479.877167
248.842773|-478.875793
443.675903|-417.077423
-27.100307|-304.562225
144.646454|-266.432648
-487.969849|-45.056454
495.260529|269.529175
230.870605|-388.134766
-325.667999|-315.544952
364.866486|-483.977112
176.938065|-237.598694
428.101685|-33.756809
325.398804|408.921753
79.355843|148.938049
307.225677|442.872833
0.778407|-357.324860
15.105145|25.072754
47.564392|-379.841705
150.233978|-426.714386
-174.653305|203.410507
-327.985352|-96.993149
-15.438811|-275.903290
-474.665588|218.545166
277.580536|380.737976
262.182343|-370.203094
-102.758369|-246.819626
-323.104584|175.991608
-69.104942|373.208069
251.231812|-389.755585
353.583130|71.329941
331.420837|-407.553314
60.325901|264.349762
-419.094086|463.424927
-98.447044|419.493256
-36.460243|78.822777
91.123650|331.832336
35.942799|-474.169708
14.917742|-475.140289
-454.625610|-255.274261
-82.105515|-71.493828
-182.126358|183.778122
353.084412|267.621216
74.615608|-454.038879
-211.462265|84.674477
-223.592224|-66.734024
-364.241516|463.820770
-58.333241|350.778473
307.213318|-158.863358
360.415680|117.937393
-311.313202|-361.445190
-199.560196|227.730972
-166.875305|152.404953
-384.915009|-203.961533
-62.348927|311.554291
-211.388260|-83.958305
357.152313|-127.848564
-464.219269|-51.371124
-428.811981|-276.966675
-35.530342|42.931377
-197.869476|-474.869019
437.922729|-381.605713
411.785034|35.294846
-214.856857|212.535629
147.631302|-383.268677
445.738129|-199.380081
30.415131|-104.260567
466.018768|-185.526581
-424.561523|-416.693085
183.349213|-294.799530
-141.124359|-174.640579
450.709137|-489.102051
44.409260|-300.770081
-184.424561|141.137878
293.327423|-9.211819
374.496826|-388.592438
415.225281|-415.015106
-298.890381|20.086414
217.999588|-116.282120
-142.293045|-359.023041
131.160538|138.631989
-104.640343|-309.466461
-229.749832|93.527336
85.335480|476.535156
-129.271500|-477.566223
-444.924103|-84.211716
42.823883|-360.299133
-196.333664|382.591614
448.866089|494.680847
451.814941|-436.981018
223.612488|-484.532410
448.954102|-4.344177
130.725739|299.809387
8.348323|-298.470459
62.701504|-10.829089
465.608948|52.946194
-442.463348|196.730087
-55.588451|-234.707657
68.306503|454.727142
-90.104340|373.780609
-49.094524|368.908051
-194.812286|207.897614
-120.930923|-171.596466
-18.849646|-381.315399
-258.334412|-371.322784
285.343079|-65.368103
-40.088737|12.890775
383.274780|-149.442627
19.213478|-39.127628
-452.233215|-349.281006
-209.165237|192.491104
-475.928223|473.832977
-36.047318|273.954224
-452.315491|485.953125
53.315689|74.485069
-272.383240|131.585266
92.973999|-466.371948
-27.458828|-28.416382
-480.399811|115.110435
467.319153|469.296082
-491.346466|15.752249
485.393494|58.397839
489.963135|17.895262
-455.920807|-102.112724
-46.103012|298.555695
472.822662|-438.853180
356.386475|-271.767273
-136.095963|-378.916992
-318.393280|-384.447754
-9.345757|257.051849
93.354820|-446.751038
348.051666|416.819489
-119.827606|458.443512
-277.855682|-484.161163
-32.111374|107.063698
18.491627|-341.459869
-300.663788|109.759117
33.341480|-283.755432
67.718353|-30.603981
168.482697|305.745178
-426.394104|-6.005881
379.780151|-499.031921
39.093533|-340.496368
-242.469055|-384.375549
447.526245|474.320801
-283.845032|415.438690
-20.808857|6.526409
-292.078613|-330.426147
296.059845|211.883728
-81.899338|278.711182
391.176666|30.230354
217.683182|232.355804
-115.710823|-364.674469
-87.101120|-51.728104
498.695496|67.736954
-246.580383|-94.152878
-498.099976|345.610565
465.509857|133.642426
165.421829|-255.151566
-166.371735|363.001160
-321.673798|196.370422
-319.707275|327.513672
151.102051|-156.003006
450.864990|-397.261139
-214.035583|107.316071
437.007782|-172.717346
385.021271|-479.254913
-216.967987|352.975128
87.806358|-312.221680
-38.166145|-369.316467
-316.430237|226.906784
132.589615|-165.072891
267.776489|-132.707260
18.684406|-445.508423
-124.902145|-146.706619
-456.456848|405.824463
-215.534119|-298.527313
-333.534058|-123.526566
-52.043972|101.690445
155.215775|-364.215149
452.799530|-119.453522
101.993637|152.847336
-224.141449|145.038162
204.202835|458.575531
-66.635033|291.941132
243.901917|73.124023
20.710598|-259.327057
405.151733|16.079641
-140.272186|-124.266640
-202.574814|326.052246
41.085945|-263.263885
-450.371429|-451.304016
-277.320099|-345.047974
-230.924164|417.175507
-278.436920|-377.353119
434.116699|137.608047
-169.162903|498.735535
-268.777252|328.923798
262.238373|-151.750443
56.498829|-464.662903
95.550117|51.037346
-35.074001|-6.773850
-293.245453|129.224380
456.576447|152.729935
-4.172701|-327.732361
-56.757107|274.460358
411.576447|-394.425629
-144.490280|-194.973831
-477.746765|273.991638
203.645782|377.617859
-216.689606|281.070557
-429.172180|488.770111
388.566376|-18.449703
-399.142365|-9.709281
327.923462|77.252228
273.188660|-246.839722
50.949600|283.025177
-214.563461|373.829651
