-359.404663|-60.060257
-78.076378|-204.129654
-446.006256|35.019257
-182.806931|30.380661
8.435285|265.426147
317.440674|75.053307
477.197327|347.702942
114.174004|248.218689
5.805833|234.183731
292.766266|173.519119
245.139175|-242.934006
210.807358|-117.575089
-226.147934|-492.951050
20.927834|-395.062653
-25.589226|447.596558
-235.198273|117.899559
138.852676|304.427521
455.428986|375.904602
330.691498|471.433075
-19.848524|-359.572205
112.276634|-243.980988
488.000000|-81.378616
-1.214548|-317.733215
-147.713272|327.005127
238.610291|-299.193634
447.999481|-150.650650
200.776901|-135.523941
-93.883049|34.206604
250.035461|-91.734619
-347.432770|74.674225
-413.206451|-26.652563
-75.815414|304.201385
-100.554207|-97.988617
174.050781|470.406677
134.510483|264.526459
61.393826|399.080231
73.766373|8.654930
1.423799|47.623955
50.448456|222.915588
-56.294712|-167.504639
479.263824|-405.915009
-205.716187|164.862289
-63.319206|321.208008
282.447266|-162.976791
464.440277|279.893982
-378.997864|261.817200
319.555817|133.147003
136.839188|-237.780685
230.143433|233.910339
-401.449188|443.099243
-75.993523|-47.491356
293.908051|-268.482697
98.741173|4.325743
-337.170135|-104.018723
-12.518684|147.527679
244.824188|-326.583160
333.117432|230.828583
16.516352|216.860336
-371.708405|-403.491364
56.524361|-489.474274
-379.845428|-321.852386
-109.007683|20.113209
358.132904|-452.092438
-249.428543|405.826904
408.557465|-367.898285
178.835403|-260.966614
73.350731|-242.457535
62.579666|-40.490616
-415.161530|462.757355
-30.470444|-458.604431
-389.085175|-205.504959
-267.175507|417.427277
-268.515930|-23.795900
-442.226959|14.315217
-74.489334|261.663055
-6.571337|-474.320404
361.734985|-426.053070
445.030670|291.138855
34.604599|54.091393
366.828003|-155.629013
27.220207|169.105392
-356.108154|-439.381042
-116.826912|39.459911
-376.583466|342.928467
356.230316|306.608185
-372.553680|-452.593262
-121.057434|-99.361488
283.010437|-109.427277
-406.087952|130.440933
369.759796|78.168037
98.707237|-217.502594
463.737366|-426.928070
167.746872|-476.054871
346.584717|-214.974411
311.699829|94.458984
436.140137|191.292908
138.624878|375.019043
229.342361|-413.329468
65.080559|488.385590
-131.370193|160.115784
4.259784|-492.146301
314.308655|-269.169739
24.267731|321.805054
-249.277679|132.194107
99.643494|-420.321106
-413.585968|77.525978
424.362701|-431.987823
445.636200|-272.377533
-253.747955|-71.542061
-426.225098|95.197044
-0.789873|-455.445648
477.654480|-312.468323
187.984940|-52.426559
-450.065369|499.000000
278.743805|157.196274
-206.599152|-489.512299
0.220603|204.356247
-175.509064|202.858398
-35.450092|-478.830872
265.452515|445.842468
154.172134|361.769318
418.720428|-45.618717
14.266167|-121.184242
6.406692|309.648499
148.571396|397.220642
-62.398544|-455.974274
-407.008972|110.005371
-266.316406|168.388245
-486.519531|398.828186
-4.681401|373.356750
210.860825|-225.047455
301.111298|355.135132
-411.236481|-208.538544
-41.845749|377.472839
-260.141449|356.503693
-152.960373|-126.644966
3.776653|472.010345
-255.780792|151.513046
-438.830292|-256.481506
-361.139374|97.148376
-234.064606|-139.946869
-5.832248|-120.646172
-323.661224|-265.209473
-458.126068|-249.010956
350.225067|97.100822
-31.780603|347.548248
-4.673804|453.167633
480.808472|18.354889
-35.681801|122.661545
428.108368|-375.090881
-457.961517|-490.155640
316.034485|-367.011536
-200.670242|0.146332
-314.250946|-438.301056
200.759048|-162.248688
-332.525909|316.744965
386.623962|116.967659
240.939560|-208.801270
-497.961365|454.063843
-319.232574|-124.595253
171.551010|-3.706032
-286.799072|-261.413086
-27.828373|-25.651913
72.789520|-383.363251
-425.472168|115.965469
287.120392|-393.087860
-49.452034|336.165283
-211.617355|-37.636951
225.375824|-376.322998
-365.601807|-496.786194
280.124451|-439.364624
283.905609|-460.034943
21.204016|451.967773
-402.629486|-4.522037
-34.107903|465.833313
219.294037|-349.446625
221.119690|-138.324661
336.092194|81.866821
428.220123|325.631989
-213.452240|-59.973881
94.849983|256.759674
-271.044006|277.005127
111.272125|-469.171967
5.031248|329.921173
-15.311058|-45.093655
-122.669983|-481.559021
-246.406586|-208.177414
402.631287|-271.654419
181.237228|85.958427
-457.970764|-279.626312
236.297501|-75.786667
388.041748|499.572052
-19.252337|320.224152
-388.557892|-415.247162
132.865677|109.717720
-232.337646|-473.333160
211.131073|195.886017
-79.433739|205.595291
-17.770782|-490.854462
195.200073|65.865868
332.311340|42.946373
449.172180|316.113861
338.025421|-6.818738
472.018982|233.028564
350.404541|24.857111
-275.384155|-191.814133
145.989059|417.885315
-387.999756|424.561646
234.823059|-455.332581
-343.316803|-492.075958
-145.504242|441.715240
-64.999405|83.501839
-1.161124|-265.064789
212.538544|-425.451263
-68.208939|-331.798004
-450.496490|369.797272
173.956482|162.248199
-169.603760|-430.767822
-405.373138|-106.234467
129.503693|-66.294373
228.480316|-157.486252
15.421096|288.441589
450.242798|-175.369827
216.760345|-445.867706
-90.686066|-221.152039
-224.014618|-225.270111
431.151764|306.078278
489.050323|468.620453
206.282135|86.595116
-231.192551|-94.828346
-498.064453|285.164429
57.234322|378.456329
405.193726|183.459900
36.971031|345.826874
-215.098038|-283.750244
-26.950569|183.896042
-381.155548|89.392899
-360.884949|-239.121307
354.509460|150.051880
-430.198700|-2.140099
377.910126|-253.224915
-298.693665|-483.268707
-425.561615|296.957733
-143.796082|268.103058
20.097704|37.822216
-365.149628|-471.681610
-425.595978|136.438980
282.838287|-321.692200
211.009201|-404.495758
-399.376160|261.832245
194.706680|485.270142
-234.912308|-288.490143
-463.451111|385.561768
4.237503|6.090416
331.173676|12.787332
222.868530|484.477478
4.166786|-104.342560
-376.680786|-432.226257
-13.262527|-378.870636
-142.615982|-276.271179
-110.419342|278.038879
314.662354|-198.207581
-351.075256|-266.152771
-88.307129|14.268778
-343.170349|20.980925
313.073364|-334.063721
-34.452042|486.904205
264.168304|-130.265472
-96.541763|-308.068512
-474.725311|-163.662903
-312.997711|-173.548523
-93.513550|293.380035
84.795738|-26.305481
-241.932709|-354.532043
-125.296104|-291.303009
-153.607605|-350.069611
-433.860596|-233.837433
-386.562439|109.039131
-90.812195|273.095032
-422.347107|443.371857
248.416794|-262.861603
-54.338272|-381.794464
176.075607|-130.792984
-121.334747|-141.173355
-193.246170|242.492279
-332.474396|169.710159
139.970108|-190.894165
66.446609|88.959610
-392.646057|-446.188721
-233.171799|-73.723984
-433.901611|-494.659119
338.232880|-483.723572
-361.369659|283.933563
-277.622070|-483.267487
331.177673|102.266655
437.967255|152.809891
-499.216278|235.416992
350.152191|-143.292419
261.406555|225.740906
-368.993439|485.500000
