-424.161072|-43.871155
-32.125523|-164.615204
493.617523|5.167703
-135.607162|77.579994
-45.365730|232.232056
283.435089|66.838432
-496.165405|373.355316
151.197235|192.677322
26.821096|171.421021
248.266266|218.019119
307.885712|-225.303055
170.354248|-79.300133
-179.044098|-495.833984
86.381592|-408.154083
-87.556595|439.604706
-197.383530|67.498558
75.528191|325.536774
439.238525|440.661011
271.329987|441.037964
39.763206|-389.454681
129.249481|-180.820496
-466.878937|-125.878616
-48.413956|-364.932983
-189.875031|279.659546
263.359772|-283.657440
-497.899597|-110.600914
178.336227|-98.845558
-46.332592|72.332314
305.404236|-123.142334
-317.580505|134.377396
-468.744537|-63.678658
-37.412056|251.663879
-89.503899|-161.550797
124.056770|430.667969
71.185532|285.634033
91.190208|457.905060
40.271271|57.866825
-37.670895|101.251488
88.088432|273.026581
5.681456|-192.294571
463.073364|-341.158600
-269.102112|143.945831
-108.728874|362.848206
321.292053|-110.532509
-499.076294|229.450867
-442.091339|242.764771
343.366638|157.008438
101.459251|-284.339294
246.332535|298.666748
-340.496246|465.620728
-62.902771|17.962404
268.733398|-327.280396
46.095467|37.624836
-316.061096|-167.343506
-28.720644|212.280594
274.104919|-266.625702
316.926971|295.584991
45.646397|163.757858
-309.905151|-379.341431
-0.526688|-472.896179
-443.361084|-337.021698
-164.624969|-16.655537
387.379913|487.290741
-209.405060|352.407135
354.235046|-405.849091
238.040619|-238.468903
13.647612|-272.309174
102.628662|12.909981
-352.745300|485.772430
-17.380449|-393.149994
-340.140686|-161.159363
-250.331863|363.468231
-240.176254|25.439371
-398.195648|49.324295
-48.490288|206.256027
-23.411964|-415.979858
406.234955|-470.551086
-491.899231|270.802368
54.914635|11.457814
407.418732|-106.186790
70.502754|212.894135
-317.741272|-407.216492
-61.884911|61.358463
-335.626465|290.568695
386.082581|246.906174
-322.318329|-458.032104
-148.778778|-39.901283
327.510437|-64.927277
-408.326996|173.383179
339.907532|18.464909
52.289738|-169.718048
404.516876|-449.537689
118.830215|-461.382233
407.748474|-202.694855
260.876831|133.576828
445.777313|137.431824
165.684952|401.687805
221.217972|-353.994049
122.278206|453.977844
-191.073364|189.966690
27.577866|-498.849640
356.292023|-225.322769
79.785233|358.863434
-216.719742|138.009277
118.888245|-481.760681
-443.438232|17.822847
466.229797|-383.954590
-490.622772|-251.268585
-292.668732|-23.032164
-475.653137|72.502869
18.970827|-392.721954
-458.065735|-291.359070
132.445496|-89.452629
-422.918610|-455.312500
320.086456|122.054428
-160.568741|-488.087006
29.222517|151.290924
-235.212234|232.709305
-63.841785|-428.348938
328.779907|424.740540
168.540176|305.252991
384.378510|11.618942
69.474907|-158.079086
41.999687|278.960236
106.286552|440.747589
-122.101715|-426.122009
-427.173553|155.632263
-276.397614|229.431244
477.449188|361.269958
19.338387|314.393127
162.786301|-260.543335
284.920837|419.891541
-456.606506|-166.129242
-6.495669|433.572327
-289.993713|416.205505
-89.635735|-105.537071
43.045429|-487.135254
-251.085632|154.114090
-402.824829|-258.118317
-331.287109|156.851547
-178.525162|-102.920578
-23.896791|-183.673691
-358.373230|-211.793320
-427.820435|-218.443069
379.671478|149.197479
-19.226803|411.583221
-66.765091|436.553772
496.998932|83.111977
-89.081665|162.711273
424.703888|-429.941498
491.273895|475.857849
345.653717|-426.192657
-254.104553|39.581043
-248.796509|-425.209625
238.713043|-130.592850
-371.279297|369.918945
431.510345|162.660172
242.942078|-168.607147
-450.761597|406.864075
-338.608246|-181.679016
158.459579|61.747726
-347.781281|-256.194336
-72.184258|-70.187744
138.243378|-396.454681
-446.912140|150.540680
340.745911|-389.833801
2.549938|328.263641
-227.796539|-18.243626
281.450745|-407.327942
-337.412567|-471.903900
237.383163|-392.016510
231.725189|-480.541290
-42.100994|430.802368
-339.304443|-25.630264
-81.534950|-486.343048
276.531616|-383.788452
265.010284|-157.394272
293.151825|86.022583
363.512512|340.583557
-252.248474|-11.495304
131.775513|201.164185
-324.444550|236.954681
146.940338|-433.401733
46.470421|377.848724
7.452473|17.113409
-152.521011|458.141815
-230.217484|-143.421005
432.483551|-331.356232
142.342422|136.041199
-424.685303|-328.114258
292.407928|-98.332741
340.841980|452.372284
38.234467|306.429718
-421.214264|-363.476288
171.134949|96.864708
-172.371918|-470.977966
251.180801|249.286560
-22.476858|231.854187
-2.386609|496.159119
257.175232|90.656227
281.339722|0.851261
395.302917|283.359558
285.293304|-45.327702
465.460236|274.618042
305.882111|0.384427
-238.358124|-247.353577
197.374573|459.635620
-343.499756|380.061646
194.634155|498.520721
-400.285706|-491.123596
-98.304901|394.515472
-79.954773|52.876110
-41.211163|-211.664261
173.279556|-378.075317
-47.100773|-268.472961
496.707703|352.825287
235.931641|187.039078
-229.306931|-460.620087
-435.527313|-165.759750
154.294571|-4.318541
262.290375|-189.864944
-32.504433|324.144012
403.034790|-222.561081
180.001251|-427.144257
-52.621681|-167.278748
-168.475174|-188.243393
372.768799|279.613708
424.293915|484.810913
269.607178|107.703011
-246.312851|-36.018620
-433.308044|301.354889
98.013641|404.240814
418.285156|248.914337
12.939178|372.066620
-278.656097|-264.604767
-10.807858|248.664017
-321.543091|59.956562
-405.384949|-283.621307
313.920929|102.863251
-373.264221|-34.566555
439.885284|-278.014587
-330.823517|-437.766937
-446.670868|360.282776
-81.014267|254.872574
-19.179146|91.194717
-318.376190|-478.883179
-469.541687|155.535355
260.311005|-370.464111
186.798111|-342.351440
-462.235413|240.485901
231.733429|429.732056
-298.341003|-270.027924
497.911530|396.808441
-40.262150|50.591412
299.260406|-29.967573
286.192719|463.365906
33.449333|-45.609825
-337.853516|-400.925507
46.453232|-408.696533
-86.100006|-310.887756
-147.084503|333.468323
366.786346|-156.509201
-298.356476|-290.630066
-128.428879|-32.151371
-322.061096|-42.343678
342.925629|-274.361908
-54.458832|-448.644684
303.366638|-173.008438
-151.487183|-343.920990
-449.178070|-218.865158
-334.107086|-236.873444
-67.633041|270.008911
85.072052|33.513065
-179.957550|-329.742523
-67.496185|-318.187622
-131.433685|-288.255463
-480.279297|-201.558380
-326.869080|88.058983
-81.086212|220.920685
-362.063843|466.803497
210.732361|-316.254425
-96.003433|-329.644440
197.183502|-194.118027
-151.185806|-200.876526
-162.191803|296.803314
-267.717987|185.899261
164.760986|-128.919006
65.473328|29.818438
-342.578217|-420.726501
-271.751312|-25.508184
-424.889099|-435.037964
366.274078|-424.759857
-401.420746|337.334106
-310.899292|-441.181580
304.322784|138.291977
397.910736|194.445831
-452.016510|282.616760
390.737885|-94.137589
308.606323|272.940674
-408.882385|-472.568115
