-148.408386|-108.401649
-235.930618|-358.594696
-233.845535|74.237831
-349.986908|-130.503860
-6.005631|418.791260
449.378632|168.984360
330.685089|209.015762
11.433783|408.134369
45.341396|447.340790
433.459106|16.289202
46.783482|-317.723602
269.330292|-219.458725
-125.818977|-324.530365
-191.534897|-326.965576
198.486389|483.971558
-357.504761|305.096222
361.470795|234.112625
-435.895721|215.393570
399.884094|-412.414032
-14.621279|-362.548767
94.555626|-421.246948
374.697449|-32.996418
135.043930|-364.331146
-143.647766|-471.681885
400.255737|-176.259293
263.639008|-266.573944
225.084915|54.729630
-278.331299|-94.245079
69.201561|53.825161
-468.761688|-90.681313
-211.434326|66.239319
-172.418289|-490.328339
-156.375961|132.220413
5.926526|-437.312897
361.484497|188.869537
-26.825520|290.180298
153.284790|-184.450577
130.622711|-139.660675
-23.060146|68.277298
-121.558670|-206.325821
-475.598755|421.879120
-29.994043|244.836533
-224.439178|200.149261
144.461105|-346.182037
364.526611|423.910828
-335.117554|326.079865
208.715637|-75.085159
248.461975|-42.284344
156.076248|12.627393
440.564362|325.564972
-72.487595|-267.924866
333.026855|-135.344742
268.021210|-34.237045
-278.869965|111.883789
33.555622|-78.443008
138.740524|468.142883
368.325897|13.101522
-76.249191|360.157349
435.171936|-404.444977
269.210205|404.689117
-257.997986|-387.006531
78.130157|134.346802
246.376419|-247.145813
-432.735382|471.632080
-426.045288|-249.991608
-11.005128|-260.890717
244.873154|-137.990921
-38.245811|-232.780930
425.392426|340.115021
-69.080200|334.863892
485.741638|-380.951599
-452.559235|464.986847
-455.960968|-71.048958
387.918823|7.587558
-147.503418|488.251373
108.462982|336.155640
248.826218|-226.136795
220.045349|358.322510
5.885531|240.912140
201.048355|-275.521271
-126.833290|29.418030
-437.936798|406.185822
-322.512054|22.563393
-261.587982|-483.553528
251.190598|-483.571442
448.186554|-419.666046
-29.447979|-299.866394
148.146454|-262.932648
-485.268799|-40.554615
492.912598|264.833527
235.875839|-386.572296
-330.363647|-317.892883
359.936798|-483.372375
181.919067|-235.939758
423.901642|-30.606804
327.746735|404.226105
80.874161|153.960815
310.505432|446.972473
5.227215|-360.095184
10.409403|27.420631
47.508728|-374.650543
153.733978|-423.214386
-170.342224|206.405731
-326.325073|-92.012581
-14.165499|-280.996521
-477.013519|213.849411
280.860229|384.837616
267.162964|-368.542816
-106.470657|-243.107285
-324.799561|180.957535
-65.718559|377.141479
256.212250|-388.095001
349.213074|68.420403
336.295288|-409.503052
65.025490|262.009613
-413.958160|464.513000
-96.786873|414.512634
-40.417675|79.865784
87.976822|336.034729
40.923252|-475.830322
19.873610|-476.868164
-457.326660|-250.772476
-80.799171|-66.413918
-177.803589|186.752701
348.716248|270.533325
74.388145|-448.929718
-216.552734|85.940849
-224.621674|-61.585938
-368.609680|460.908661
-56.564976|355.479828
302.517670|-161.211182
359.142273|123.030647
-314.813202|-357.945190
-195.569626|230.306976
-166.417603|150.424301
-379.934387|-202.301361
-62.080193|315.302582
-212.460510|-78.819260
361.847961|-130.196396
-460.620667|-51.330940
-424.443817|-274.054443
-37.190540|37.950783
-200.570526|-470.367126
442.016357|-384.659058
414.248108|34.505116
-210.542511|215.026093
145.426376|-384.352783
447.033478|-194.292465
29.364517|-99.124863
467.677795|-190.507538
-429.257172|-419.041016
187.712234|-291.879791
-136.725143|-176.933655
455.857239|-488.072388
46.370449|-296.802490
-186.608032|145.806229
296.607178|-5.112258
371.795776|-384.090546
419.175140|-418.439331
-300.163788|14.993162
216.969925|-111.134071
-147.388474|-357.758575
127.660538|135.131989
-108.870834|-312.572021
-234.860031|94.730705
89.703751|479.447266
-125.355392|-480.676117
-439.815430|-83.016541
43.011856|-355.144714
-201.495071|383.140930
444.211945|492.447296
447.603760|-440.115936
218.631866|-486.192688
447.602325|0.665852
127.013405|303.521729
12.850162|-301.171509
66.400139|-14.552741
461.289978|49.963047
-447.441864|198.391129
-58.496372|-230.336548
68.379486|449.923218
-94.259621|370.572845
-45.723145|372.345734
-190.550201|210.670700
-119.118233|-166.670944
-20.952080|-381.788849
-255.208801|-367.110321
287.691010|-70.063858
-36.318497|9.462537
386.774780|-152.942627
24.361526|-38.098019
-455.945557|-352.993347
-204.582977|195.011154
-471.173676|474.449860
-32.699215|270.330566
-447.320679|486.863434
57.517918|71.339241
-269.123688|128.644135
92.770172|-461.131683
-22.782499|-26.073568
-484.599854|111.960457
462.714325|466.903748
-495.574371|12.640252
480.669952|57.134857
487.615204|22.591003
-450.865082|-100.846329
-43.750542|302.826080
468.520050|-440.703339
353.474365|-276.135437
-141.187210|-377.726013
-314.680939|-388.160095
-11.098936|252.280930
93.515129|-441.879822
344.351440|420.543854
-118.167435|463.424133
-281.566467|-487.874969
-27.252665|109.052521
17.158159|-343.261658
-298.691345|107.912621
35.999493|-279.306976
71.431053|-34.315903
163.786942|308.093109
-430.106445|-9.718191
375.442078|-496.671112
36.577663|-336.218353
-239.320953|-380.188019
442.819336|471.995453
-288.938232|416.712097
-16.117176|7.973866
-290.727142|-325.353455
301.153046|213.157028
-77.359482|281.255402
393.481232|34.743511
213.970840|236.068146
-114.681213|-359.526367
-85.827332|-46.634975
499.897980|64.325401
-250.080383|-97.652878
498.119415|341.410522
470.011963|130.941666
170.405304|-253.501678
-170.084076|366.713501
-323.334320|201.350906
-314.726654|325.853363
147.945679|-151.808502
455.133209|-400.115479
-219.151505|108.490707
433.520355|-176.225266
381.775085|-476.702026
-221.973480|351.395599
90.718521|-316.589844
-35.298130|-366.176392
-319.930237|230.406784
129.441162|-160.871780
265.145660|-137.008453
23.665045|-447.168488
-122.554268|-142.010864
-457.711182|410.921936
-210.838364|-300.875244
-329.434418|-126.806213
-47.002014|103.153214
155.511520|-368.088440
456.999573|-122.603500
100.647598|147.773621
-222.481277|140.057541
206.547348|463.272919
-62.643894|294.730774
240.919571|68.803848
21.114166|-263.243958
408.724304|13.720412
-143.045624|-128.420471
-200.226990|330.747894
40.821922|-258.279053
-445.496979|-449.354279
-276.376587|-340.528442
-229.263992|422.156128
-275.275330|-373.170135
439.209900|136.334747
-167.488098|493.847809
-273.472900|331.271729
259.267181|-156.077301
56.337616|-459.499207
97.210289|46.056751
-36.347702|-10.840331
-290.403687|129.854935
461.091919|150.052551
-2.222877|-322.857910
-53.412567|274.239868
414.754517|-398.487915
-139.624817|-196.890121
-476.473358|279.084839
208.632401|376.003601
-219.839584|285.270599
-424.087402|489.717865
385.015869|-15.011858
-402.642365|-6.209281
331.638245|80.962029
274.848938|-241.859100
55.659321|280.744202
-218.559769|371.945587
