-246.186264|-86.137207
-170.575409|-296.627777
-325.858429|94.037735
-276.295837|-65.495361
52.507679|341.546448
404.113495|79.762833
395.180695|267.236145
68.892273|329.393036
18.517080|362.452850
383.914551|82.869278
114.988747|-281.662201
250.276062|-195.337204
-181.372787|-403.419525
-100.683395|-353.677979
102.577408|459.011017
-301.274994|225.237915
270.483368|260.548737
-474.666534|297.734528
449.758026|-467.444946
-67.687805|-331.217285
99.354309|-373.603424
439.492615|-18.111113
82.382187|-395.176483
-139.184784|439.434723
333.233337|-242.838181
341.773224|-223.775604
169.351868|-28.901049
-199.853928|-31.463245
149.253738|-4.710040
-413.899384|-36.721054
-297.760223|50.309475
-130.001373|421.386383
-133.071640|36.700291
93.719063|-471.720673
266.141174|220.649963
3.094134|276.669128
108.672050|-98.023216
84.669159|-63.379543
-47.662670|124.803764
-118.835899|-174.780869
-496.227295|-480.848846
-83.993439|211.708771
-140.536179|248.883438
203.878616|-272.778625
381.274780|372.271027
-252.833801|296.622162
257.503357|9.044973
200.036255|-118.770081
180.450851|110.126823
-464.838318|356.132416
-96.355797|-181.549011
270.372253|-201.279663
198.577881|-56.168419
-323.664429|23.118383
16.275867|18.130028
182.774551|-450.682434
366.771759|96.222229
-29.190258|337.962708
499.000000|-406.438019
179.320328|449.635223
-307.926331|-326.693085
2.359495|90.419090
295.982239|-329.575653
-344.918030|465.887177
491.282684|-306.773193
64.817795|-274.444244
195.812759|-180.349258
-20.670410|-151.490631
-479.588501|370.986908
-51.632793|431.549469
-443.374969|-313.581238
-365.593811|464.490967
-360.887299|-59.435375
454.218140|-4.711251
-116.260017|392.732269
44.026760|410.876434
294.565125|-308.433350
314.466736|330.578247
48.915161|151.829544
279.469421|-220.351532
-59.834820|96.412186
-386.422546|462.057190
-246.795303|4.320990
-327.212769|444.683197
296.441772|427.731781
-487.788147|-422.712799
-54.617119|-214.958267
215.146454|-195.932663
-453.666992|48.015926
447.966492|174.943558
186.536072|-320.319702
-420.251770|-362.838989
280.303162|-478.488708
257.191284|-231.165314
395.802582|5.261929
372.692841|314.337982
104.491913|247.806519
315.836060|-488.601776
54.431927|-411.285095
-71.206306|78.627640
52.125652|-431.320801
220.733978|-356.214386
-87.318535|262.976135
-292.629059|2.400265
63.376904|-294.702820
-488.088531|131.875366
343.644073|463.316437
325.708405|-321.972504
-158.321198|-170.754410
-379.363251|176.837799
-5.993217|442.219330
345.954254|-354.809662
298.294067|20.776011
429.606201|-446.826630
154.956284|217.146545
-315.526794|482.572144
-48.576286|330.429932
-75.794754|128.085922
23.674545|408.449951
134.650208|491.176086
113.774620|489.589142
490.105316|-164.595444
-49.215729|-29.920305
-95.258125|243.566345
265.097107|326.279419
31.937344|-433.107056
-311.816589|109.709846
-244.326874|36.963284
-451.688782|413.813019
-54.481110|411.230438
242.155655|-213.999161
334.765625|220.529114
-381.813202|-290.945190
-124.943253|285.121552
-209.936432|237.014359
-284.591064|-170.520935
-38.138611|393.473694
-232.414841|19.620604
448.675720|-177.713715
-405.108307|-13.881513
-345.998077|-215.441650
-52.664520|-49.770252
-252.276337|-384.188049
470.503174|-298.947144
436.403534|85.822548
-128.414398|264.898438
80.517738|-440.799408
444.701416|-114.597015
8.328459|-1.393296
498.651093|-285.924866
-495.572815|-452.432190
262.726776|-269.817993
-97.584335|-86.533691
-448.898132|-464.920624
83.358444|-214.784576
-241.208252|229.576370
332.076447|43.401958
316.068970|-304.203339
470.629700|-469.478088
-278.998749|-27.735039
205.357468|-98.673172
-190.405731|-319.011108
60.660557|68.131973
-58.357388|-349.683685
-330.784729|119.943169
171.673981|-470.050751
-118.922005|438.866486
-341.405090|-62.724987
101.298119|-316.603760
-284.278748|396.252258
363.816376|485.211426
387.730072|-478.419617
137.490082|-493.181305
465.558685|40.059147
52.728104|366.520996
99.951584|-296.351410
134.014221|-81.591057
423.303406|70.794403
-487.041382|280.784363
-121.774902|-154.345047
93.848572|355.457520
-170.614197|307.994873
18.729996|437.624237
-108.309837|262.583313
-82.432831|-73.412170
-84.647911|-381.677429
-302.329681|-306.986328
332.637115|-159.954025
55.975353|40.942631
454.514191|-197.426636
122.677795|-21.754320
487.126953|-403.307861
-120.889442|245.049103
-377.106567|485.313660
34.758934|207.833099
-356.935211|482.809814
127.881638|84.885437
-182.926254|156.738922
32.432568|-453.466522
68.797760|11.823198
443.855621|64.874802
419.478760|402.855988
429.122559|0.859893
425.299713|126.725616
440.017853|18.864168
-353.535339|-79.719894
35.542583|353.436035
-471.987640|-479.500000
319.541443|-357.898163
-227.871582|-415.113098
-243.616119|-459.224915
30.787045|162.500458
78.980972|-375.080231
273.662598|478.846863
-86.387009|-440.441162
-347.524933|443.129822
45.130798|110.717079
-51.768879|-369.757446
-343.463623|17.937185
77.889946|-195.085709
129.383148|-101.991798
73.706543|352.503418
-450.739563|-77.392166
295.907654|-492.615631
-33.341671|-345.869965
-287.711212|-322.009583
400.456573|411.439514
-386.414063|441.171967
76.187004|42.780128
-264.849060|-229.433624
366.576782|251.510300
0.481597|255.733643
417.726685|95.817795
142.906021|307.132965
-86.444405|-323.678894
-60.602127|49.289192
-456.118561|27.026419
-317.080383|-164.652878
437.761719|261.053009
462.503723|73.292221
254.006332|-251.228607
-241.148895|437.778320
-373.989807|197.191254
-234.968643|312.692932
103.286674|-73.190620
-476.709595|-444.926636
-311.169464|130.434998
375.608521|-230.950134
299.412994|-469.780273
-271.768250|305.786835
132.741623|-401.656158
-104.931389|-332.229919
-370.956818|293.065887
89.355865|-89.936501
268.312836|-110.674385
113.963142|-470.608826
-77.607407|-52.121624
-406.572174|467.975037
-125.013992|-346.433716
-250.960785|-189.594116
-38.923447|161.930313
215.178467|-290.178436
-462.076385|-182.903091
23.239296|93.259499
-290.796661|110.780441
242.340256|-445.869019
-1.870499|361.270782
197.626663|-13.278931
15.666701|-228.635818
454.142151|-46.622787
-235.272858|-103.901230
-150.672668|413.976288
57.584625|-162.361404
-370.757477|-406.060822
-256.767426|-247.764191
-197.483566|-481.700317
-322.141815|-312.071381
-467.733978|133.423370
-135.856689|400.113525
-357.992767|357.067505
236.920074|-237.194382
33.903599|-412.206329
128.988739|-49.286594
-74.647202|-92.680122
-276.496307|131.491150
-455.941162|159.207001
83.066719|-284.371704
14.335870|212.931854
483.775482|-450.799957
-137.775940|-167.518188
-452.096710|376.583252
276.082001|406.219391
-254.590088|317.811035
-336.527466|484.487946
316.954834|29.922667
-469.592255|60.748665
403.854218|149.626785
265.277618|-180.514252
145.539963|235.921066
-289.055481|375.688751
