-200.325882|-97.512245
-202.746902|-325.850952
-281.899902|88.817497
-309.706909|-98.905952
25.341349|376.157715
425.563904|121.355995
355.867218|241.026611
41.026196|363.865204
21.527212|399.713501
415.410614|51.369347
70.161179|-296.597076
266.512573|-202.291901
-153.022980|-365.619141
-147.072235|-345.319794
148.416473|470.471680
-325.759094|262.345947
311.973175|246.991028
-463.156494|251.907700
433.462494|-439.035950
-48.972595|-350.566406
112.161133|-380.965118
405.050446|-16.938910
114.422897|-401.423096
-157.526703|482.251740
364.755737|-211.759293
306.220459|-234.598984
195.554657|10.417920
-236.749725|-60.980076
111.453568|23.639969
-425.482178|-67.410286
-258.446747|76.518944
-147.712082|464.438293
-144.531342|82.539574
51.032887|-459.073151
310.966766|205.708420
-7.205723|257.541351
125.888382|-138.789612
98.673279|-97.060196
-15.537561|103.374382
-87.843872|-207.477921
-484.766632|472.806396
-39.168194|226.650314
-180.255020|226.657104
175.127686|-310.274261
352.924011|410.071411
-287.573029|316.775208
236.333618|-32.924362
221.617676|-77.155663
168.991150|64.287537
490.977783|339.752869
-69.218292|-217.240646
309.212097|-182.973099
233.148758|-53.417458
-302.614838|65.383308
20.640713|-26.782927
165.134125|-487.558258
378.232422|50.382942
-62.481041|347.768433
474.716705|-408.552612
221.582123|428.503845
-268.753326|-352.983215
37.601761|115.214455
274.850861|-287.314819
-390.779053|456.375214
-468.422852|-280.572174
21.416853|-283.011444
233.786835|-162.812881
-49.020458|-189.291016
475.752441|354.234161
-61.408993|385.325562
-476.786041|-346.992310
-411.343658|456.830322
-406.128296|-63.020931
429.321655|10.661291
-131.040924|437.610504
76.196327|378.463837
273.404053|-266.196899
269.641144|345.520721
27.800480|194.099319
245.355743|-245.984314
-91.333290|64.918030
-432.104645|451.900940
-290.879730|-0.271691
-292.760223|476.243103
275.005096|468.368988
473.425171|-429.251892
-33.486221|-257.220032
183.646454|-227.432663
-457.872437|5.106891
469.097870|217.205353
219.947144|-353.730774
-377.990936|-341.707611
320.725098|-484.744476
232.440582|-219.112991
409.922302|2.741441
351.561462|356.598816
93.032211|201.967712
341.690613|489.588745
45.341625|-383.158997
-37.270588|51.124950
76.159256|-404.133972
189.233978|-387.714386
-126.309860|236.341797
-309.485107|-41.495270
19.701984|-303.647217
-498.867950|165.873978
314.126312|426.419678
317.680695|-351.702850
-125.702927|-204.817505
-345.921234|210.217316
-33.084972|404.757233
302.714111|-370.267975
309.289154|38.741142
385.736145|-429.278961
112.677948|238.244003
-361.859650|473.304871
-76.708885|366.411316
-35.189003|106.938721
55.679073|378.317749
91.439629|-492.672516
70.396828|-493.630493
-484.723022|-205.111511
-67.997017|-14.783357
-134.008011|216.801788
304.410583|300.070435
65.085266|-420.826721
-266.453400|102.243103
-235.062958|-9.369664
-412.284607|435.780396
-53.607426|366.011658
254.897476|-185.039337
346.226288|174.690308
-350.313202|-322.445190
-154.328644|257.477936
-188.806015|194.752563
-329.416656|-185.462479
-38.060905|351.911285
-222.872223|-26.625418
409.475067|-154.010574
-419.855286|-47.943775
-385.311554|-241.651596
-37.720638|-4.945686
-227.966888|-424.705078
459.042511|-344.785950
446.672058|76.667427
-166.593887|241.066513
112.079224|-422.705475
434.842987|-158.938995
16.551638|-47.458145
483.709137|-241.099152
-473.123413|-443.389618
231.916016|-262.223907
-116.204819|-129.662598
-495.233582|-474.173798
65.657455|-258.570770
-214.998306|190.261932
329.725586|36.583275
344.399353|-338.428558
452.328247|-446.180847
-301.355835|-18.559998
209.540482|-60.366734
-182.539337|-332.417236
92.160538|99.631989
-66.418869|-328.553680
-285.162964|109.020538
134.010498|-490.167358
-135.787476|481.643250
-387.731537|-72.019516
57.988533|-331.512939
-251.903519|369.686279
397.597382|468.727234
419.837433|-454.307709
168.030243|498.984375
437.446716|37.838661
89.360199|341.175476
55.222359|-311.354584
103.983841|-52.235901
437.017487|58.089413
-475.521545|235.030472
-88.570282|-187.041092
85.218369|399.405487
-132.813812|336.345642
-12.667665|406.123383
-146.954483|238.475143
-99.995682|-117.276566
-60.179790|-368.266144
-263.156830|-333.137177
311.505737|-117.692230
11.067342|26.405523
423.588104|-176.564285
76.577446|-27.654833
-489.453979|-366.812927
-160.254837|221.446732
-422.460541|474.541260
2.303144|239.214890
-402.473175|475.484406
99.531830|47.085533
-227.751846|141.797379
61.164063|-441.067413
24.922747|-5.713774
483.228424|87.690613
414.979401|443.772034
466.923828|29.208117
455.751190|97.115517
477.691956|47.312115
-399.283600|-89.404305
-2.756043|336.287689
488.782440|-468.425964
323.937256|-320.441101
-188.557144|-388.904114
-277.027191|-425.813843
9.638895|204.696762
94.296341|-391.713318
309.619019|456.336426
-101.328552|-485.266754
-313.188263|474.468567
18.247490|128.695892
-9.504561|-353.460754
-322.384186|60.224594
60.332409|-238.952469
109.090805|-71.963074
116.158569|331.907837
-440.242950|-48.540230
337.388641|-497.343445
4.923732|-338.091766
-248.388062|-348.048859
395.058746|448.449677
-340.597839|429.628082
31.362696|27.835445
-277.560486|-273.757660
329.881653|236.578033
-27.965763|261.550720
425.804321|76.866432
176.317093|273.721893
-87.242508|-325.881958
-72.907761|5.023983
-498.692078|41.942711
-285.580383|-133.152878
466.112488|298.853394
498.900085|94.817024
220.894806|-236.616074
-207.737823|404.367249
-344.295685|231.023621
-267.652405|313.707184
115.891571|-109.331360
494.167755|-423.899994
-267.820648|122.420227
407.108521|-199.450134
342.049683|-477.775421
-272.463348|334.494385
120.256172|-360.895569
-68.768898|-349.546448
-346.864319|264.023071
99.213669|-121.453400
250.464722|-151.165497
71.766251|-459.770874
-98.740082|-94.382500
-452.096863|457.779144
-163.442627|-325.118042
-287.857422|-160.077286
-12.186939|123.721626
186.456635|-327.690582
-499.876770|-154.553284
58.577328|116.525963
-247.080978|110.335854
221.209839|-488.129852
-22.675123|329.407471
208.291779|26.913265
38.826416|-222.457047
427.583466|-9.646974
-191.679276|-116.651031
-176.413345|378.375183
50.870754|-206.007828
-414.627533|-423.608459
-267.679962|-292.235077
-212.425110|472.673859
-282.856079|-338.323669
490.996185|135.174667
-150.924408|444.071289
-315.731934|335.936127
229.773743|-194.754349
46.467957|-412.657990
114.049171|-4.460635
-50.045158|-56.890381
-249.030563|131.090561
-492.679596|148.087845
39.297131|-297.984253
-20.123779|241.485901
451.378204|-425.231598
-106.157623|-198.236877
-463.557373|330.744446
258.489624|362.368927
-251.790070|327.870453
-382.537964|475.017853
352.027435|15.990398
-438.142365|29.290718
370.443146|116.215889
284.239502|-192.221100
103.277626|257.005585
-263.931152|353.522247
