-146.427826|-107.649933
-237.430008|-360.094421
-231.645233|73.779938
-351.593109|-132.079437
-7.261730|420.657990
450.384888|170.996826
328.813019|207.767670
10.185809|410.006531
46.347630|449.353210
434.958862|14.789684
44.761883|-318.654694
270.742432|-221.210388
-124.490677|-322.714325
-193.741226|-326.524292
200.669189|484.517303
-358.854797|306.896240
363.605347|233.401123
-433.837280|214.589706
397.669373|-412.036163
-16.477394|-361.344238
93.920265|-423.404816
372.963562|-32.074173
134.104828|-365.079315
-144.487793|-469.607941
401.755737|-174.759293
261.838989|-267.923981
226.332962|56.601768
-280.088287|-95.650642
67.401497|55.175083
-470.780060|-91.622314
-209.308228|65.595711
-174.009293|-488.737335
-156.085052|133.501801
4.127640|-435.962280
363.619049|188.158035
-27.435940|290.829620
154.442383|-186.379913
131.972702|-141.460693
-24.153700|66.395248
-123.424080|-205.938660
-475.054016|419.696045
-29.194065|245.226013
-226.007523|198.590851
142.803848|-347.158295
365.176178|426.047821
-337.275604|326.715912
207.709427|-77.097626
249.468018|-40.271790
155.530548|10.444572
438.430450|324.851654
-72.928856|-270.131195
334.033112|-133.332275
270.124908|-35.029835
-278.755341|111.350815
34.101471|-80.625786
137.734314|466.130463
366.946014|11.352997
-76.825615|357.991699
433.604370|-402.831573
271.222626|403.682861
-259.578033|-388.576233
77.910461|132.107635
245.370117|-245.133392
-434.892212|471.053009
-424.173218|-248.743500
-11.559430|-258.710083
245.292358|-136.091522
-37.079659|-234.695221
423.251770|339.422272
-69.522232|332.657745
484.150635|-382.542603
-454.734283|464.412506
-458.181244|-70.806183
386.615540|5.753552
-148.191833|490.393433
109.822762|334.363678
247.840988|-224.113983
217.910492|359.033051
6.055253|242.512253
199.176239|-276.769318
-128.333298|27.918030
-437.266235|404.045929
-324.718475|22.122711
-259.964142|-481.996124
250.184387|-481.559021
446.411926|-418.305359
-28.441925|-301.878937
146.646454|-264.432648
-486.426392|-42.483974
493.918854|266.845947
233.734863|-387.251740
-328.351227|-316.886627
361.938477|-483.326508
179.784332|-236.650711
425.701660|-31.956806
326.740479|406.238525
80.158554|151.828613
309.099823|445.215485
3.306642|-358.938995
12.421864|26.414398
47.205582|-376.865845
152.233978|-424.714386
-172.180481|205.108688
-327.036621|-94.147110
-14.711125|-278.813690
-476.007263|215.861877
279.454620|383.080627
265.028412|-369.254364
-104.879677|-244.698288
-324.046112|178.839539
-67.130600|375.454285
254.077789|-388.806732
351.086823|69.666039
334.206238|-408.667450
63.011654|263.013092
-416.156769|464.034973
-97.498375|416.647186
-39.201717|79.741707
89.325142|334.233490
38.788765|-475.118683
17.752104|-476.120331
-456.169067|-252.701813
-81.361855|-68.588730
-179.663239|185.488739
350.588318|269.285278
74.233253|-451.174316
-214.364807|85.422768
-224.180481|-63.792255
-366.737610|462.156708
-57.156536|353.309753
304.530090|-160.204971
359.688019|120.847824
-313.313202|-359.445190
-197.518951|229.902420
-166.107574|150.906036
-382.068939|-203.012863
-61.457222|313.141937
-212.007278|-81.023125
359.835541|-129.190186
-462.327606|-50.190678
-426.315887|-275.302612
-36.479027|40.085323
-199.412933|-472.296509
440.544434|-382.960541
413.136597|33.800983
-212.247574|213.679886
145.691757|-385.054016
446.468018|-196.470215
29.819927|-101.326370
466.967377|-188.372650
-427.244751|-418.034760
185.846100|-293.136719
-138.673462|-176.136765
453.650909|-488.513672
45.113373|-298.577240
-186.030548|143.671158
295.201569|-6.869213
372.953369|-386.019928
417.363708|-417.119080
-299.618042|17.175983
217.411209|-113.340378
-145.204559|-358.299835
129.160538|136.631989
-107.092384|-311.194672
-232.670670|94.211807
87.831635|478.199219
-126.797806|-479.263214
-441.986938|-83.601082
43.252625|-357.377258
-199.250290|383.072418
446.184235|493.498871
449.413818|-438.779480
220.766418|-485.481140
448.427338|-1.426824
128.604401|301.930725
10.920802|-300.013916
64.802757|-12.969981
463.119812|51.271660
-445.303986|197.691162
-57.250195|-232.209930
67.667984|452.057770
-92.498421|371.972748
-47.126507|370.902222
-192.655930|209.912125
-119.847435|-168.798996
-20.226297|-381.302307
-256.595673|-368.878967
286.684753|-68.051392
-38.244858|10.575988
385.274780|-151.442627
22.155220|-38.539280
-454.354553|-351.402344
-206.464127|193.788742
-473.177521|474.066345
-34.421154|271.777283
-449.365692|485.946045
55.692760|72.654976
-269.678070|130.609665
92.959801|-463.372162
-24.699217|-27.240515
-482.799835|113.310448
464.717987|467.863892
-493.750244|13.957323
482.838745|57.732563
488.621460|20.578543
-453.017151|-101.423676
-45.302925|301.286652
470.350983|-439.924774
354.722412|-274.263367
-138.998825|-378.201141
-316.271942|-386.569092
-10.715194|254.449738
93.400620|-444.126831
345.940521|418.950928
-118.878937|461.289581
-279.976166|-486.283295
-29.334791|108.199738
18.086138|-342.577148
-299.289032|109.831825
34.580444|-281.024200
69.839867|-32.725113
165.799408|307.086853
-428.515442|-8.127202
377.620209|-497.088013
38.036686|-337.780670
-240.744690|-381.922821
444.835602|472.994049
-286.755432|416.166351
-18.251593|7.261991
-291.290802|-327.531677
298.970245|212.611328
-79.436508|280.421295
392.245941|32.883636
215.561844|234.477142
-115.122475|-361.732697
-86.373238|-48.817745
-498.744537|65.589577
-248.580383|-96.152878
499.469452|343.210541
468.082489|132.099152
168.278992|-254.237366
-168.493073|365.122498
-322.622650|199.216431
-316.861206|326.564941
149.313751|-153.594696
453.575073|-398.544037
-216.951660|108.020142
435.009277|-174.718277
383.240204|-476.885223
-219.835663|352.097168
89.470451|-314.717773
-36.174374|-367.328888
-318.430237|228.906784
130.788055|-162.674088
265.856537|-134.873871
21.530487|-446.457031
-123.560501|-144.023331
-457.179199|408.735840
-212.850830|-299.868988
-331.191406|-125.400650
-49.158257|102.510490
155.657867|-366.432617
455.199554|-121.253510
101.258232|149.938873
-223.192780|142.192093
205.544098|461.259003
-63.902035|292.884796
242.172485|70.672722
19.941029|-261.979187
407.182770|14.505238
-141.356598|-127.060867
-201.233200|328.735474
40.506886|-260.505951
-447.586029|-450.189880
-276.785095|-342.544678
-229.975494|420.021576
-276.685669|-374.920410
437.027100|136.880447
-168.274658|495.907898
-271.460480|330.265472
260.525421|-154.212021
56.319763|-461.732452
96.498787|48.191292
-36.193184|-9.173134
-292.203522|128.542999
459.156403|151.199692
-3.058526|-324.946960
-54.842323|275.484253
413.399536|-396.723358
-141.777817|-196.253403
-477.019104|276.902039
206.505325|376.721466
-218.489594|283.470581
-426.239563|489.299774
386.531250|-16.488247
-401.142365|-7.709281
330.045044|79.373276
274.137390|-243.993652
53.605312|281.644928
-216.805969|372.887146
