-337.033203|-62.615696
-94.075417|-220.127777
-424.676117|45.995571
-199.777634|13.410085
29.974209|276.002991
330.910217|61.328995
466.817688|337.461029
100.862274|268.188629
0.355911|257.539551
308.766266|157.519119
222.750259|-246.575150
229.484207|-124.208504
-244.680405|-496.521271
-2.606102|-390.355621
-8.838942|431.825012
-235.126114|132.512299
161.621231|296.837677
459.615845|356.060608
352.157318|482.166473
-41.308292|-348.837067
106.455818|-267.264191
472.000000|-65.378616
15.920340|-302.904785
-130.742569|343.975830
254.610291|-283.193634
428.405396|-164.372452
185.221893|-118.174103
-110.238739|40.206738
230.835266|-77.334999
-359.208679|59.053402
-393.235809|-13.342287
-81.777946|325.145050
-105.240936|-74.623650
188.351807|486.587036
157.279037|256.936615
50.658276|377.615387
86.114273|-11.924903
15.822712|28.423140
33.477875|205.944885
-78.578156|-158.591064
497.127197|-401.727692
-182.947632|172.451645
-48.757984|306.450195
268.046875|-182.176987
453.934143|294.533264
-356.259521|268.227081
308.822418|111.680695
149.279114|-217.793549
224.257843|210.646423
-424.280182|444.717804
-80.700310|-71.025291
300.434845|-246.658615
120.207481|-6.407382
-345.143890|-81.417854
-6.479525|124.311531
234.091278|-348.048981
338.938721|207.545380
9.047172|239.199432
-394.022827|-412.325378
77.990669|499.000000
-356.562225|-316.031097
-93.112823|26.759081
347.399506|-430.626617
-263.827972|425.027161
428.419281|-354.426361
156.066849|-268.556458
94.817024|-231.724564
48.179642|-59.690567
-437.817688|460.631622
-25.040560|-478.715271
-403.901215|-223.184082
-281.484833|436.683990
-284.515930|-39.795902
-462.769928|26.694536
-80.406967|283.741089
-5.612917|-491.315765
346.272217|-409.441437
423.328888|294.289368
23.874474|75.559189
347.500275|-169.848969
11.220207|153.105392
-361.565338|-456.812958
-140.389572|34.929630
-390.983856|362.128662
345.496918|328.074005
-386.487579|-469.530273
-108.270721|-115.643921
267.593658|-125.099670
-403.473969|126.845421
388.708649|85.756676
115.768280|-234.375275
484.403595|-417.705261
189.461777|-477.999359
323.816162|-222.563766
331.758331|81.596863
425.406738|212.759216
127.503769|356.441010
236.626968|-433.984528
44.500725|-498.614136
-109.903885|149.382874
14.218699|-497.854248
298.495087|-285.201477
6.153528|308.387512
-256.451752|111.296112
93.822693|-397.037903
-406.265839|91.507767
409.369537|-450.729034
422.867645|-279.967377
-237.371033|-88.940765
-416.482483|111.724983
-3.244929|-470.331146
454.885925|-320.058167
207.954178|-39.113815
-471.447021|-496.779480
257.277985|167.929184
-223.813354|-493.391144
-7.530936|227.070007
-154.042755|192.125488
-42.888584|-499.077545
242.683960|453.432312
147.606216|384.523071
431.068085|-66.198547
-4.489532|-110.839096
-9.909567|296.356689
169.619064|389.929382
-40.883648|-466.608917
-393.290802|107.718536
-266.793152|149.492294
-466.550781|412.140686
-12.270872|396.125305
232.327133|-214.314545
306.932587|331.851929
-424.846954|-222.510132
-54.784817|357.700226
-249.408356|335.037872
-175.728928|-134.234329
-7.239710|479.121887
-255.586563|131.859146
-460.283752|-245.723007
-366.790833|77.518631
-254.033844|-153.259857
-25.482868|-109.380630
-311.313568|-285.789551
-481.075958|-242.170807
368.567169|88.794960
-37.143913|324.238739
10.584048|467.807831
474.987183|-4.928531
-18.529339|107.100616
447.665314|-362.544830
-437.617645|-477.883392
311.763672|-366.587952
-181.470047|-14.253665
-337.785126|-443.008087
177.475845|-168.069489
-319.213409|296.776215
380.505829|105.968254
252.427750|-227.274841
489.421844|460.495483
-313.411285|-101.311806
176.258041|-27.239967
-263.515869|-267.234375
-11.828426|-9.651894
49.255585|-378.656219
-423.316132|133.016006
267.151642|-406.400360
-69.938583|343.658264
-235.151550|-42.343513
203.909515|-365.589600
-349.859253|488.864624
297.098389|-456.331787
300.736572|-477.073090
43.972420|459.557617
-425.048737|3.771968
-25.479494|443.795563
198.714447|-337.098969
203.969467|-126.048424
352.733368|75.941124
444.418762|333.884033
-199.443253|-79.353767
81.518646|276.713959
-251.843811|291.405518
95.272125|-485.171967
-13.106526|318.381897
-24.223053|-67.377647
-111.936829|-460.093201
-252.899948|-231.216812
391.897888|-250.188461
164.920853|76.692291
-473.970764|-263.626312
217.162170|-61.318417
405.012451|-482.559631
-28.794516|305.164001
-394.299805|-434.124756
115.895149|126.688179
-255.636490|-478.335724
196.731171|176.685822
-102.202049|198.005936
-23.035669|-499.000000
175.339981|54.440197
351.814575|54.703957
458.752960|318.494568
357.864563|3.621139
464.834534|214.934891
366.187897|22.954056
-288.696655|-171.844894
127.248291|402.892395
-403.985931|440.550323
252.427658|-447.886383
-323.347870|-478.763489
-162.474945|458.685944
-45.030167|96.814583
13.235613|-282.671661
220.377121|-447.141510
-75.798294|-354.566559
-428.004791|363.073792
151.673279|153.334625
-148.137451|-420.034424
-394.639740|-84.768158
120.590324|-88.577820
210.864502|-145.177826
36.588802|295.872620
467.332092|-158.524902
226.243149|-467.321869
-85.263008|-243.701569
-236.498856|-243.927948
439.994507|310.093292
-493.123444|474.946960
185.046494|79.073555
-237.013351|-118.111794
477.899597|279.343140
46.494869|356.996552
400.486694|159.925720
53.941612|328.856171
-192.323654|-291.261749
-32.771423|160.612839
-386.760925|88.104218
-344.884949|-223.121307
368.909851|169.252075
-450.779053|10.206673
355.626923|-244.311340
-285.859985|498.334656
-417.971771|274.189178
-166.564636|275.692902
34.515091|18.639048
-377.375031|-487.831635
-406.814880|147.802689
298.838287|-305.692627
217.736969|-426.505035
-376.608643|269.423645
196.884903|-496.726807
-212.145416|-296.084198
-447.455688|369.565643
20.237501|-9.909585
319.631897|-8.038668
208.788055|490.255920
-12.250331|-91.355080
-380.599457|-450.073212
-34.735176|-368.150299
-161.356705|-261.278015
-102.575005|257.408203
295.921143|-213.200256
-370.275452|-251.752625
-72.259476|29.730625
-349.660553|41.706200
299.124756|-350.664215
-26.861927|464.135834
248.765915|-115.991951
-77.341812|-293.668121
-488.037811|-143.693665
-305.407867|-150.779968
-99.888573|315.755188
80.088951|-49.839417
-264.215912|-363.445129
-148.064636|-283.713165
-161.196960|-372.838165
-413.891846|-247.150421
-378.797943|122.953224
-97.527260|295.835052
-434.823669|426.523010
262.838715|-245.430298
-39.345596|-400.535675
165.741379|-109.943726
-111.826721|-136.295715
-207.646072|223.292084
-355.757599|163.889359
129.323608|-211.481110
60.625809|112.243057
-414.321808|-456.342041
-216.415237|-90.484634
-438.713043|481.536804
329.319794|493.429199
-341.130005|282.892303
-267.055450|-495.591064
347.364960|96.145218
453.967255|136.809891
485.027466|217.992691
330.988159|-157.403915
244.437317|208.768768
-354.983093|468.333740
