-420.523071|-44.780655
-35.105839|-163.844116
496.971558|6.844753
-138.258835|74.928360
-44.230667|234.276138
285.112183|70.192543
-499.285522|371.275238
149.117233|195.797592
25.674103|174.983673
250.766266|215.519119
304.328125|-226.488892
172.696930|-82.228333
-182.502319|-497.283844
82.704414|-407.418610
-83.918655|440.514618
-199.633514|70.498550
79.085739|324.350861
440.148102|437.023010
274.684021|442.715057
36.414429|-387.768646
128.339981|-184.458496
-469.378937|-123.378616
-45.762302|-362.281311
-187.223358|282.311218
261.359070|-286.829071
498.399994|-112.850899
180.699966|-101.755287
-44.953133|72.978355
302.075409|-124.826897
-319.257599|131.023285
-465.624420|-61.598541
-39.404030|254.785202
-90.413399|-157.912796
127.784157|430.944305
74.743118|284.448273
89.513153|454.551025
42.200695|54.651268
-35.421139|98.251305
89.807396|269.698212
2.199668|-190.901825
463.982941|-344.796600
-265.537384|145.109879
-105.728882|360.598145
319.042175|-113.532608
498.099976|232.450897
-439.520874|245.347061
341.689545|153.654327
103.136307|-280.985260
245.423035|295.028748
-341.877594|463.473724
-63.638206|14.285227
270.410492|-323.926361
47.973274|34.379433
-317.247009|-163.785919
-27.796291|208.646729
272.428802|-269.980286
317.836548|291.946991
44.489655|167.175781
-313.386902|-380.734100
2.827414|-474.573273
-440.988373|-337.023193
-161.504776|-14.575411
385.702820|490.644775
-211.655045|355.407166
357.360779|-403.777313
234.483032|-239.654739
17.001713|-270.632080
100.378677|9.909979
-356.103180|484.102997
-18.115885|-396.827209
-342.928101|-163.666443
-248.654846|366.822266
-238.867920|21.992649
-400.445709|46.324303
-49.728275|209.795288
-22.019247|-419.461609
403.735016|-468.052704
-495.456818|271.988281
53.195621|14.790210
406.134583|-109.692581
68.002754|210.394135
-320.390869|-409.870178
-61.592712|60.910439
-337.876526|293.568726
384.405487|250.260284
-325.736450|-459.234741
-147.101807|-43.255424
325.010437|-67.427277
-410.256317|170.167618
341.584625|21.819010
54.249653|-172.868912
407.423737|-447.194336
121.241013|-458.789337
406.081238|-199.389374
263.876862|131.326843
444.100220|140.785934
164.775452|398.049805
218.875366|-356.922363
119.092888|455.956787
-187.719254|188.289673
24.192606|-497.846863
353.792023|-227.822769
76.665039|356.783356
-217.905579|134.451691
117.444260|-478.473480
-441.761139|21.176949
463.887115|-386.882904
-494.180359|-252.454422
-290.017395|-25.684139
-473.001465|75.154503
17.001949|-395.895447
-461.623322|-292.544983
135.565689|-87.372513
-423.839813|-458.947205
321.928223|124.920067
-164.235397|-488.873108
28.020517|154.843063
-231.858124|231.032288
-61.591782|-431.348969
325.222321|425.926453
167.630676|308.890991
386.307831|8.403343
66.461136|-155.850403
39.348034|281.611908
108.702469|437.929596
-118.747604|-427.799103
-423.516754|154.809525
-275.662140|225.754028
480.568085|363.351868
17.726198|317.770050
166.140411|-258.866241
285.830414|416.253540
-454.107208|-168.629257
-8.575795|430.452209
-288.316620|412.851471
-93.193283|-106.722908
42.554138|-488.092010
-247.835312|155.983978
-406.178864|-256.441223
-332.964203|153.497437
-181.645355|-105.000694
-22.565811|-180.172043
-356.443909|-215.008881
-428.729584|-222.081207
377.421417|146.197449
-19.962238|407.906006
-63.096054|437.319397
496.089355|79.473938
-86.081673|160.461288
423.517975|-426.383911
494.627930|477.534943
343.834259|-422.917542
-251.086136|37.925404
-252.473724|-425.945099
235.075043|-131.502350
-369.199219|366.798828
429.167664|159.731934
244.871399|-171.822708
-453.413269|409.515747
-336.490692|-183.684097
159.195053|58.070549
-344.143280|-257.103912
-69.684258|-67.687744
134.566162|-395.719208
-443.274170|149.630829
337.614594|-391.897003
-0.570234|330.343781
-231.218689|-19.253967
278.096710|-405.650848
-340.537628|-473.784363
240.034836|-394.668182
234.725220|-478.291229
-38.543427|431.988281
-342.862030|-24.444408
-78.883316|-488.994720
273.315979|-381.859192
261.333069|-158.129745
296.175171|88.235886
367.150513|339.673981
-250.530502|-14.517507
129.700851|204.287613
-321.444519|239.204666
144.440338|-435.901733
44.220417|374.848694
6.059758|13.631620
-150.843994|461.495850
-231.126984|-147.059006
430.806458|-328.002197
144.592407|133.041168
-424.036987|-324.681610
288.730713|-99.068176
343.493652|455.023956
34.557308|305.694183
-418.871582|-366.404602
168.483276|99.516342
-176.025391|-471.816345
248.930817|246.286530
-23.955130|229.279312
0.265042|498.810791
253.693481|89.263390
284.339752|3.101261
395.036011|286.899750
288.296265|-43.081650
467.540314|271.497925
307.559204|-2.969675
-240.438278|-244.233383
194.446335|457.292938
-345.999756|382.561646
196.714310|-497.751953
-397.058105|-492.884338
-100.956535|397.167145
-81.253304|52.997780
-38.961159|-214.664291
175.931229|-380.726990
-48.286629|-272.030548
499.827118|354.906555
232.449890|185.646332
-225.952820|-458.942993
-433.555603|-162.579773
152.901825|-7.800329
259.638702|-187.213272
-29.150331|322.466919
405.687012|-219.910004
182.251236|-424.144226
-55.183025|-169.860626
-171.595367|-190.323517
376.076324|281.371460
427.931915|483.901337
266.049591|106.517174
-247.222351|-39.656658
-436.946045|300.445313
94.531853|405.633484
417.549683|245.237122
15.590826|369.414948
-274.937958|-264.897278
-11.701052|245.022003
-324.897125|61.633617
-402.884949|-281.121307
316.177765|105.858086
-376.479858|-32.637196
436.403534|-276.621918
-334.140045|-439.251709
-445.484955|356.725189
-84.387993|253.409668
-16.897373|88.219002
-320.719513|-479.480591
-466.187653|153.858337
257.486694|-367.997650
188.190857|-345.833191
-459.108276|241.808167
229.653275|432.852173
-294.783752|-269.051178
-499.000000|394.308441
-37.762489|48.090446
301.762207|-27.174324
282.635132|464.551819
31.772278|-48.963936
-340.814453|-401.652710
43.098663|-407.020416
-89.590324|-309.516602
-145.004349|330.348206
363.858032|-158.851807
-301.421661|-288.471100
-127.513817|-28.514736
-323.247009|-38.786110
341.248535|-277.715942
-53.272976|-452.202271
301.689545|-169.654327
-148.487152|-341.670929
-451.263062|-215.748230
-332.921173|-233.315857
-69.290298|266.644989
88.812317|33.645161
-183.439301|-331.135193
-71.054344|-317.003540
-132.619522|-291.813049
-477.159180|-203.638535
-330.507080|88.968483
-78.086220|223.170670
-362.844971|463.638153
212.812515|-313.134308
-93.692169|-332.597351
195.997665|-190.560440
-149.508789|-197.522415
-164.441788|293.803284
-271.355988|184.989761
163.368240|-132.400757
68.661079|31.637390
-345.749268|-421.768585
-269.146057|-28.180399
-425.798859|-438.675964
364.890625|-428.245300
-399.170685|334.334076
-314.255402|-442.854492
305.062988|137.190750
400.410736|191.945831
-454.668182|279.965088
389.440674|-97.655960
305.954651|270.289001
-406.476379|-474.866608
