-357.949463|-60.424057
-79.076233|-205.129471
-444.667023|35.694859
-183.867599|29.320000
9.776925|266.096985
316.421326|73.975159
475.949280|346.870911
113.342064|249.466843
5.378135|235.621460
293.766266|172.519119
244.187592|-241.780411
212.068085|-117.213539
-227.626297|-493.204865
19.456963|-394.768463
-24.917595|446.255341
-234.076019|116.904381
140.275711|303.953156
455.792816|374.449402
332.033112|472.103912
-21.191132|-358.903320
111.912819|-245.436188
487.000000|-80.378616
-0.153888|-316.672546
-146.652603|328.065796
239.610291|-298.193634
446.799469|-151.550644
200.271576|-134.140457
-94.964096|33.814854
248.835449|-90.834641
-348.103607|73.332581
-411.958405|-25.820513
-76.930298|305.131744
-100.251480|-96.527275
175.111450|471.467346
135.933517|264.052094
60.722843|397.738678
74.538116|7.368690
2.323754|46.423920
49.387794|221.854919
-57.687428|-166.947540
479.627655|-407.370209
-204.293152|165.336624
-63.435196|319.886688
281.547241|-164.176804
463.540253|281.093994
-377.579071|262.304077
318.884979|131.805359
137.510025|-236.439041
229.779633|232.455139
-402.871796|442.623718
-76.287697|-48.962227
293.149719|-267.256042
100.082817|3.654922
-337.644501|-102.595703
-12.154881|146.072479
244.153381|-327.924774
333.481262|229.373383
16.046101|218.266556
-373.113831|-404.015533
57.866005|-490.145111
-378.390228|-321.488556
-108.561691|20.152864
357.462067|-450.750824
-250.328506|407.026917
409.801697|-367.060516
177.412369|-261.440979
74.692375|-241.786728
61.679665|-41.690613
-416.544983|462.178192
-30.764513|-460.075317
-390.145844|-206.565628
-268.062164|418.637085
-269.515930|-24.795900
-443.502991|15.103709
-74.018082|262.446014
-6.890366|-475.785889
360.734985|-425.053070
444.793365|290.164246
33.936306|55.434292
365.593567|-156.481125
26.220207|168.105392
-357.125275|-440.483368
-118.317093|39.293217
-377.483490|344.128479
355.559479|307.949799
-374.029297|-452.836304
-120.402229|-100.710823
282.010437|-110.427277
-405.361420|129.475586
370.430634|79.509682
99.767891|-218.563263
465.078979|-426.257233
169.202072|-476.418701
345.161682|-215.448746
313.139679|94.073227
435.469299|192.634552
137.128647|375.045349
229.872299|-414.732727
63.794319|489.157318
-130.028549|159.444977
4.405469|-493.303741
313.376282|-270.162445
23.020737|320.971405
-249.576660|130.726486
99.279694|-418.865906
-412.914948|78.867523
423.425629|-433.159149
444.213165|-272.851898
-253.142731|-72.903259
-424.809082|95.418495
-1.086392|-456.916016
476.231445|-312.942688
189.233017|-51.594513
-450.391724|498.218872
277.402191|157.867081
-208.069412|-489.809509
-0.263742|205.775894
-174.167419|202.187592
-35.801678|-480.289093
264.029480|446.316833
153.808548|363.224579
419.492157|-46.904957
14.004847|-121.926979
5.255593|308.689880
149.797485|396.356659
-61.056900|-456.645111
-406.563477|108.832886
-267.223450|169.135315
-485.271484|399.660217
-5.155742|374.779785
212.202469|-224.376648
301.475128|353.679932
-410.244690|-209.539536
-42.677795|376.224792
-259.470612|355.162079
-154.383408|-127.119301
3.277008|472.026367
-256.796112|151.160767
-440.170135|-255.807098
-361.810211|95.806732
-235.312683|-140.778931
-7.041450|-120.930901
-322.889496|-266.495728
-459.525177|-248.470078
351.145721|95.928696
-32.074593|346.077362
-4.088388|453.249603
480.444641|16.899673
-34.481804|121.761551
429.294464|-374.228210
-457.080780|-488.959930
315.363647|-365.669922
-199.470230|-0.753668
-315.721832|-438.595245
199.303848|-162.612488
-331.693878|315.496918
385.686890|115.796349
241.711288|-210.087494
-499.022034|455.124512
-318.868744|-123.140038
171.845200|-5.176903
-285.343872|-261.776917
-26.828413|-24.651897
71.318649|-383.069061
-426.581451|116.155075
285.872345|-393.919891
-50.863972|336.667419
-213.088257|-37.930962
224.034180|-375.652161
-364.701843|-497.986237
281.185303|-440.425110
284.984253|-461.077240
22.627039|452.442139
-404.052521|-4.047696
-33.045860|464.774048
218.007813|-348.674896
219.673431|-138.435425
336.109283|81.343941
428.903992|326.955109
-212.621490|-61.222820
94.047775|258.026947
-269.843994|277.905151
110.272125|-470.171967
3.797839|329.067688
-15.867156|-46.486763
-121.999161|-480.217407
-246.770386|-209.632614
401.960449|-270.312805
182.137222|84.758430
-458.970764|-278.626312
235.104156|-74.877869
389.102417|-498.469666
-20.723207|319.929962
-389.778442|-416.119080
131.805008|110.778374
-233.812714|-473.604187
210.231079|194.686005
-80.856758|205.120956
-18.488770|-492.170959
193.807373|65.308784
333.511292|43.846428
448.916382|317.590668
339.339752|-6.128426
472.851013|231.780487
351.090210|23.523014
-276.216187|-190.566055
144.817734|416.948303
-388.999756|425.561646
236.235947|-454.831818
-342.068665|-491.243958
-146.564911|442.775909
-63.751328|84.333885
-0.261124|-266.264801
213.136597|-426.802063
-68.683273|-333.221039
-449.182281|369.075958
172.563782|161.691101
-168.262115|-430.096985
-404.702301|-104.892822
128.946594|-67.687088
227.083023|-157.102493
16.762444|287.770203
451.303467|-174.309158
217.075821|-447.334167
-91.054146|-222.606049
-225.262695|-226.102173
431.772919|306.809784
490.505524|468.256622
204.859100|86.120781
-231.556351|-96.283562
-499.519653|284.800598
56.558491|377.117218
404.899536|181.989014
38.031693|344.766205
-213.640991|-284.105316
-27.314373|182.440842
-382.627045|89.233673
-359.884949|-238.121307
355.409485|151.251892
-431.484955|-1.368429
376.517426|-252.667816
-297.634125|-484.330444
-425.087250|295.534698
-145.219116|268.577423
20.980713|36.609676
-366.620544|-471.886963
-424.265167|137.049698
283.838287|-320.692200
211.565506|-405.888763
-397.953186|262.306671
193.874619|486.518188
-233.489426|-288.964844
-462.451508|384.562225
5.237503|5.090416
329.953552|11.934981
221.445496|484.951843
4.513423|-103.403435
-378.035583|-432.759430
-14.604658|-378.200806
-143.787277|-275.334106
-111.046654|276.930908
313.491028|-199.144623
-352.275269|-265.252808
-87.086006|15.090079
-343.644714|22.403948
312.402527|-335.405334
-33.977699|485.481171
263.497467|-128.923828
-95.341766|-307.168488
-475.557343|-162.414825
-312.523346|-172.125488
-94.573715|294.020477
84.501564|-27.776352
-243.325409|-355.089111
-126.719124|-290.828644
-154.081940|-351.492645
-432.612549|-234.669495
-385.770813|110.014397
-90.771400|274.538239
-423.713654|442.755646
249.279388|-261.634521
-53.401230|-382.965790
175.601273|-129.369949
-120.663925|-139.831711
-194.146164|241.292267
-333.929596|169.346359
139.413010|-192.286865
66.082809|90.414825
-394.122406|-446.451996
-232.240585|-74.895500
-433.506317|-496.087006
337.675812|-485.116272
-360.469635|282.733551
-276.703949|-484.159851
332.073059|103.241158
438.967255|151.809891
499.000000|234.356323
348.945526|-144.142349
260.345886|224.680237
-367.993439|484.500000
