-183.501190|-101.114799
-214.266266|-337.336792
-268.161224|82.658279
-321.904602|-111.103470
14.035870|388.903229
433.278534|136.784897
353.679260|233.274948
31.401758|378.179779
29.241667|415.142059
411.981567|37.653812
53.795650|-302.049683
261.119781|-218.657578
-142.384720|-352.454224
-157.032852|-335.375092
165.151276|474.655731
-335.904999|276.295471
328.068817|243.134628
-458.934204|235.182449
421.520569|-430.443573
-37.336613|-354.161285
103.656548|-386.953857
391.933167|-22.902805
124.726578|-388.634918
-163.053986|498.590424
376.255737|-200.259293
292.420319|-244.948914
205.118057|24.774252
-250.219620|-71.756065
98.002945|32.227001
-440.859192|-74.495506
-244.543518|75.680908
-153.796158|480.521088
-148.715042|99.274551
38.701965|-451.141174
327.331665|200.253571
-11.357107|264.662598
134.763306|-153.581192
109.023064|-110.860336
-1.415214|95.334473
-87.961143|-218.168137
-480.944763|456.238770
-26.608652|227.135452
-194.770248|218.304535
164.637115|-323.967651
342.573730|423.871552
-302.329987|314.607269
225.982880|-43.684731
231.202240|-73.559563
164.807449|47.552559
474.617767|334.283447
-65.427818|-232.623566
316.926758|-167.544205
242.386810|-56.117702
-294.924469|80.823112
24.822950|-43.518253
154.839920|-498.850769
382.416473|33.647964
-75.378403|353.998962
458.767487|-411.771210
237.011032|420.789215
-254.478836|-362.667450
51.953964|124.784050
267.136230|-271.886261
-404.318390|462.899170
-454.070313|-271.003815
4.780183|-286.194672
223.508224|-164.188766
-58.280285|-203.265869
459.390259|348.774231
-62.752365|369.916229
-487.937439|-355.647491
-424.573395|457.762512
-422.460358|-65.116615
416.705750|11.069312
-136.380844|454.013062
86.899574|364.978058
265.735748|-250.746002
254.204590|346.958344
20.089132|209.529663
231.002625|-255.552536
-102.833290|53.418030
-444.374573|439.781067
-306.254333|0.062146
-280.622009|488.466614
267.290466|483.797546
460.364410|-431.918427
-25.771767|-272.648590
172.146454|-238.932663
-466.747314|-9.684864
476.812500|232.634262
232.144836|-365.928467
-362.562378|-333.992981
332.396881|-483.620178
216.074829|-224.564972
402.338989|-4.963408
343.846832|372.027374
88.848511|185.232910
332.994751|475.084351
30.549870|-374.284119
-21.841709|43.410496
69.637558|-388.872009
177.733978|-399.214386
-140.612946|226.699707
-314.940308|-57.860081
3.021610|-306.572357
-492.305573|181.617599
303.349976|412.949432
301.315796|-357.158051
-124.550438|-217.060501
-333.723633|215.540512
-44.413887|391.751526
286.349213|-375.723175
318.609161|50.867092
369.720093|-422.872681
97.243057|245.946396
-378.771881|469.907959
-85.402794|380.359802
-21.957693|97.429337
66.390617|364.845154
75.075104|-487.216705
54.031982|-488.196136
-475.848145|-219.903091
-72.203354|-31.511276
-148.282242|207.158279
318.763123|290.502075
78.681221|-415.450134
-251.354813|94.576363
-231.680481|-26.284784
-398.830414|441.484802
-43.023891|363.771423
270.318939|-177.310547
350.410339|157.955505
-338.813202|-333.945190
-167.714020|249.296448
-181.091736|179.323654
-345.781555|-190.917328
-40.284431|338.746063
-219.461929|-43.531952
394.046692|-146.295761
-432.536285|-47.064529
-399.664093|-251.220306
-32.265701|11.419102
-219.092010|-439.497009
454.858459|-361.520752
436.280853|62.898815
-181.267624|233.108002
122.620750|-409.056976
432.158325|-174.692963
20.698828|-64.198418
478.253937|-224.734253
-457.694855|-435.674988
217.609421|-271.851410
-122.587372|-145.686432
491.158234|-481.010773
59.371037|-274.623199
-205.429596|175.909042
319.096680|22.999035
353.274292|-353.220428
439.896576|-438.255707
-309.055450|-19.885508
209.909592|-75.833160
-175.716675|-343.195587
103.660538|111.131989
-83.326424|-325.134888
-269.905762|102.958351
119.657608|-499.735718
-141.756302|497.478699
-404.643188|-75.418846
42.036953|-336.807953
-236.156845|375.791107
412.750580|476.437958
426.304901|-454.143127
184.479034|-497.577454
436.800354|22.486889
101.557716|328.977783
38.855892|-316.762909
91.799324|-40.041588
432.622650|42.344883
-471.625519|218.426895
-78.268173|-200.261475
79.763519|415.770386
-119.013786|346.695923
-24.158737|394.624451
-161.409485|229.815063
-106.400055|-133.293594
-49.250259|-374.455322
-248.846115|-342.406128
303.791107|-102.263321
-5.290945|20.941000
410.783630|-176.934494
59.662430|-31.037836
-482.737885|-375.841919
-175.012405|213.431564
-438.613892|473.235260
-8.337409|244.578003
-418.686340|477.870239
86.335022|49.794571
-235.580017|139.086990
74.067474|-436.252869
8.906519|-12.120269
486.069000|90.989151
430.450684|451.346924
480.412415|36.350227
465.319550|82.762627
474.132263|55.112843
-415.948425|-93.100647
-16.225590|325.511169
477.059570|-456.903625
333.505615|-306.088562
-174.204254|-379.335754
-289.224884|-413.616150
1.907789|220.115616
97.989182|-407.186157
321.816711|444.138733
-106.783401|497.576965
-300.995544|486.671021
6.086354|122.635674
5.924513|-345.746826
-314.686554|75.661858
53.923672|-254.967789
96.891624|-59.767048
131.587479|324.193207
-450.412262|-37.178745
348.740356|-496.316986
20.375330|-330.423462
-234.230042|-357.777100
410.515198|456.108521
-323.863037|425.444031
14.998171|22.379745
-281.774384|-290.485046
335.414856|223.584366
-43.870872|268.197205
415.473785|63.063328
188.514786|261.524200
-104.291649|-327.342590
-77.093178|-11.710556
494.551971|51.891071
-274.080383|-121.652878
476.462769|312.653534
497.870575|109.923286
204.535294|-242.084656
-195.540131|392.169556
-334.761078|235.489090
-282.403778|319.482239
126.201111|-123.160606
478.152161|-417.492279
-254.207230|116.656898
413.403961|-197.872253
354.772888|-476.285248
-256.150116|340.084015
110.687637|-346.542969
-57.578911|-355.854065
-343.926178|254.399307
108.780602|-134.179794
244.054993|-163.113770
58.026733|-456.134369
-106.454536|-109.811409
-463.693420|445.304626
-178.638931|-316.975372
-301.327667|-149.301300
-13.113426|115.274170
175.951263|-341.372070
485.799866|-144.203354
72.976303|126.013664
-233.561417|116.287712
213.495560|495.645966
-36.071140|318.580963
219.241318|40.237114
35.303917|-239.271378
422.924286|-8.999920
-175.727051|-120.562134
-184.127625|362.946625
47.488907|-222.923050
-430.643585|-430.014740
-270.745117|-308.232574
-217.879959|456.308960
-268.514343|-347.908844
474.132660|137.499634
-156.246445|460.203644
-302.856964|335.550079
238.553162|-183.333679
56.440598|-426.290802
108.594322|11.904153
-42.330704|-41.461472
-256.550964|137.072083
493.253540|144.473145
23.015039|-303.375763
-29.027405|248.581879
438.364624|-417.338104
-106.343330|-208.207703
-467.741425|314.009644
242.705246|364.575195
-241.439438|314.070892
-396.301697|482.056915
363.527435|4.490398
-426.642365|17.790718
358.245453|104.018372
278.793732|-208.588898
87.877914|264.761353
-248.527405|359.625153
