-290.586334|-75.106468
-140.075409|-266.127777
-366.781708|73.584297
-248.568405|-35.380295
80.364868|306.017120
372.377502|72.910400
433.246124|292.613098
94.277382|291.331879
3.364940|321.724426
354.766266|111.519119
158.399307|-267.219116
235.242233|-182.906433
-208.822601|-440.019897
-66.894981|-373.269897
58.193340|447.914185
-273.824249|188.637543
227.080826|275.016876
-491.053101|334.379181
414.101074|-489.622467
-102.931755|-318.009827
92.794838|-332.869507
424.059052|-23.203075
57.641739|-357.187653
-117.123848|400.153656
306.401245|-268.425995
373.764954|-205.894440
150.883392|-67.447693
-164.129425|-2.883456
179.582840|-36.059231
-393.438843|4.198997
-335.825653|24.932026
-105.727882|383.319580
-121.975739|-7.683750
137.004822|-486.418732
222.738632|235.117172
23.461874|317.633392
118.152946|-68.883736
57.220856|-26.778255
-15.312502|157.154114
-140.664673|-142.706985
-493.717651|-446.647766
-127.395531|197.241562
-102.777855|271.801849
229.471924|-235.353195
408.725525|335.670654
-290.833862|290.058746
277.963898|49.965057
180.158005|-156.088913
191.546753|154.510620
-437.521912|382.871796
-87.383484|-136.686981
277.241669|-209.657730
160.074921|-42.039345
-344.101593|-17.796162
5.027121|62.472904
203.234161|-409.763214
355.674927|140.606171
-8.769007|302.007324
-457.590424|-423.432770
139.807861|469.094116
-292.264984|-303.004150
-35.704975|65.038803
316.540985|-368.912384
-303.719238|475.522522
479.253326|-313.080658
90.607658|-290.377258
154.892609|-200.808868
6.779592|-114.890427
-450.491577|398.458099
-42.352955|472.530853
-411.212982|-281.057953
-324.611023|477.075134
-317.143250|-56.332150
481.087708|31.838322
-101.921173|349.287476
22.129965|450.576233
315.408539|-347.740448
357.869293|316.110107
28.678671|125.694221
292.667023|-196.952026
-30.969908|126.202400
-354.072784|491.161804
-208.050339|21.397617
-359.573975|412.492584
314.638397|389.788239
-445.308929|-439.700684
-75.077194|-174.038116
245.645294|-165.435471
-432.435974|87.494774
424.924133|141.269470
154.261658|-287.896515
-461.170990|-383.299530
237.345932|-468.048065
296.507965|-217.339935
359.202209|32.711952
393.165710|273.424927
115.586456|292.190521
272.904480|-483.654358
31.601418|-446.011688
-49.233261|118.108665
20.437136|-463.039276
251.233978|-325.714386
-49.250763|288.351410
-278.160919|45.802528
73.474319|-337.346985
-443.434174|122.716286
368.610535|-499.821167
357.408051|-301.788177
-188.601715|-137.752182
-411.578491|146.166046
5.102789|486.602936
389.356812|-340.341522
265.365509|-0.839533
464.182495|-471.154388
195.891998|196.717834
-270.665710|491.549316
-26.375090|291.388214
-116.714897|148.545578
-3.759356|445.062225
177.224365|475.253113
130.459274|451.091614
466.567596|-125.365570
-56.220615|-73.138512
-57.315586|268.955505
227.030960|351.656372
0.042201|-465.571014
-352.663940|89.165848
-253.297226|81.825226
-469.134583|390.090668
-42.740398|431.847137
208.459686|-236.106354
323.668793|264.912720
-412.313202|-260.445435
-89.865059|308.182037
-230.395813|277.934265
-241.188522|-156.053726
-7.643309|424.004089
-241.245010|64.500793
483.490265|-207.385315
-384.647766|27.038525
-307.937103|-190.056549
-72.043304|-85.821632
-275.814056|-344.957275
483.942017|-280.866058
409.101685|92.089890
-90.598129|287.760376
53.067829|-477.399780
458.266449|-71.872192
-2.783962|42.970631
496.826111|-323.494568
-456.142822|-463.432068
283.944153|-308.594543
-126.269508|-55.653732
-404.036102|-455.947845
110.535500|-184.800964
-266.585754|267.642456
340.958801|62.639130
283.990112|-282.993286
440.631073|-489.984314
-272.569580|-63.763363
191.376068|-91.012726
-234.789337|-307.914276
34.171570|36.348110
-18.404480|-365.123505
-375.167664|131.042465
209.740341|-444.673798
-94.542244|400.972839
-296.976440|-53.808445
142.193878|-334.731079
-311.730377|432.850952
337.812744|-486.736145
351.410492|-497.130829
109.571800|480.340210
-490.508331|25.591707
19.305401|394.744904
139.167358|-302.926910
161.126678|-84.501289
396.634521|75.853951
-499.344177|322.575409
-151.139023|-126.153664
101.004028|314.787201
-207.214569|280.544128
49.229996|468.124237
-70.276253|287.852509
-79.290848|-66.050888
-86.746590|-411.361298
-291.613647|-282.297394
353.165619|-200.838364
99.300636|55.584801
485.010010|-227.904526
165.781097|-20.444824
454.776550|-435.658264
-83.108521|267.900879
-380.371796|-487.167145
67.105080|175.478928
-315.809113|495.479523
155.331451|121.485344
-139.523697|171.206131
0.032196|-485.766144
111.275581|28.814350
404.388824|56.574554
433.864655|359.426819
395.308380|-21.162186
416.076141|166.278214
409.009888|-6.089748
-326.970093|-114.433334
73.368011|359.787048
-441.487640|489.173431
294.164490|-395.963593
-265.937714|-440.490051
-211.265717|-491.575317
9.503323|132.457047
52.914162|-337.737122
248.030319|-489.407074
-72.938995|-396.807129
-379.855011|410.759827
87.608620|127.708115
-91.103050|-387.191437
-363.886322|-23.001575
94.964500|-152.642456
161.970398|-104.840950
84.530510|327.105865
-483.089966|-109.742104
264.958527|-499.000000
-54.427681|-305.427460
-273.996338|-293.408112
415.129608|368.924744
-426.835938|456.977264
119.588509|57.249863
-253.748154|-185.051102
410.960388|262.606750
18.318686|297.589264
385.225098|93.198166
108.607361|334.452911
-126.901886|-313.002899
-49.506226|93.673264
-433.134460|66.482025
-328.697632|-193.927505
410.310974|224.452637
497.349457|48.509098
293.727112|-237.874512
-273.460022|470.166992
-396.150970|208.729584
-223.788193|299.746033
75.940987|-36.531376
-435.967316|-462.620514
-354.008331|130.935349
345.108521|-261.450134
258.281677|-469.913208
-311.151855|291.248749
158.119507|-439.721588
-146.691452|-317.919373
-401.456818|323.565887
66.237495|-55.909588
288.773376|-69.754234
157.364136|-485.080170
-53.987881|-52.164886
-374.057251|497.869049
-96.472336|-337.335846
-215.236282|-218.173904
-64.300865|199.996674
242.395905|-254.517960
-425.476013|-210.352905
-14.911134|68.036224
-331.649689|90.447052
262.800171|-404.949799
-12.398773|403.301636
218.086273|-54.199028
-20.933310|-256.085632
479.477112|-84.716637
-278.851410|-92.496857
-125.343880|377.400635
66.556938|-117.499481
-328.280121|-389.070251
-213.524155|-261.892273
-183.016357|-438.297760
-356.481689|-285.424194
-423.351563|122.320671
-121.076988|357.530731
-398.911987|377.528046
273.562531|-243.742966
5.338362|-445.683716
135.156326|-81.214966
-97.674004|-102.384270
-249.045792|168.091522
-411.798187|167.087418
117.306435|-272.864136
43.891006|179.182434
-475.894775|-455.981262
-167.726807|-138.016998
-450.528137|418.879059
303.694672|429.364990
-275.772217|304.749359
-293.433960|495.444916
324.043213|50.008106
499.967255|90.809891
436.250214|169.189178
273.016418|-189.802322
186.428131|215.466888
-316.506378|412.284790
