-278.934875|-77.976677
-148.075409|-274.127777
-356.047760|78.949203
-254.742828|-41.952641
73.151398|315.553436
374.622925|81.098969
423.261749|285.956848
87.599113|301.301697
7.824281|332.746094
362.766266|103.519119
147.014984|-271.013763
238.024628|-194.194885
-201.622650|-430.419800
-71.356071|-365.381134
69.835060|450.824829
-281.024445|198.237640
238.465103|271.221954
-483.095520|330.402496
419.687500|-482.730042
-97.691467|-317.700226
92.370033|-343.919586
423.258881|-21.293530
62.651768|-367.889923
-121.712868|411.213867
314.401245|-260.425995
364.164917|-213.094452
150.633484|-56.984715
-173.499786|-10.379795
175.091034|-25.979521
-398.805542|-6.534129
-325.841278|31.588428
-110.568787|394.207245
-124.886139|3.957959
125.616409|-482.642456
234.122910|231.322495
18.190123|306.854950
122.220627|-79.088570
64.420364|-36.378620
-23.797791|148.668762
-141.011673|-150.050262
498.198792|-447.950348
-116.011375|201.036240
-112.981598|266.145172
224.389450|-245.977768
401.525330|345.270752
-279.428650|293.782288
272.597198|39.231903
185.524460|-145.355759
188.636353|142.869019
-439.282471|371.375488
-89.736877|-148.454071
267.613617|-216.746933
167.857376|-45.092464
-338.740601|-7.072177
8.084567|50.870911
197.867706|-420.496124
358.585571|128.964569
-12.320353|312.594818
-468.736389|-418.987457
150.635315|466.445862
-301.126740|-310.177734
-25.720915|71.696014
311.174286|-358.179474
-313.777771|474.283936
473.256470|-306.778900
79.223503|-294.172180
165.625763|-195.442413
-0.420408|-124.490402
-451.731445|386.961182
-44.708176|461.144806
-419.509949|-289.716187
-334.542664|473.333466
-328.959229|-58.425396
473.871033|22.250925
-105.692131|360.679565
26.586660|439.434631
309.991119|-337.038910
346.485016|319.905029
38.322884|130.865494
282.630035|-203.528961
-37.339943|118.907913
-360.530365|481.946686
-219.817429|19.044224
-351.041779|420.907990
309.271698|400.521149
-456.451019|-435.244904
-69.710617|-184.771271
237.646454|-173.432709
-438.610657|77.205269
430.002380|148.358902
162.671021|-296.454651
-450.438080|-377.932831
247.504196|-470.631714
286.508575|-223.951981
368.802307|25.511940
387.786682|284.151672
112.677414|280.548523
284.293243|-483.408173
32.114967|-434.283630
-55.474705|108.196716
28.479496|-454.592682
243.233978|-333.714386
-59.235615|281.695343
-281.955841|34.418312
71.939156|-325.863647
-455.308167|123.914345
364.595215|489.773041
346.023773|-305.583099
-182.086563|-146.791016
-403.084961|154.643051
2.192362|474.961334
377.972534|-344.136444
275.349884|5.816869
453.301117|-466.427795
185.155045|202.076767
-282.431854|489.191406
-30.345230|302.712433
-105.981750|143.179077
3.440647|435.462128
166.270004|479.589203
127.375298|462.682190
472.741425|-135.655396
-52.017349|-61.990276
-67.297829|262.301636
237.015579|345.000122
8.153876|-456.883667
-341.970520|94.596230
-250.944275|70.058167
-470.523438|395.348450
-46.623310|442.109894
213.264374|-228.231796
326.579437|253.271118
-404.313202|-268.445190
-99.069427|301.726013
-225.029587|267.201111
-252.572800|-159.848404
-15.638611|415.973694
-238.869064|52.738956
474.461609|-199.483521
-390.014465|16.305401
-317.920959|-196.714142
-68.157494|-74.468590
-269.640228|-355.247314
482.344696|-288.986694
408.066956|81.556671
-100.349426|281.442169
60.267841|-467.799683
452.898529|-81.857468
0.235283|31.364601
493.364136|-312.032990
-467.417725|-459.605377
277.770660|-299.554016
-116.669533|-62.853745
-415.803192|-458.301361
98.893776|-187.711365
-259.929504|257.658081
333.462708|53.268631
293.473389|-286.063354
440.363831|-481.097076
-271.868347|-54.015583
193.730774|-102.779449
-223.147736|-310.824921
42.171570|44.348110
-30.171448|-362.769989
-363.526062|128.131927
199.755722|-451.330048
-99.443512|411.794769
-308.743530|-56.161819
131.460724|-329.364380
-304.530182|423.251160
339.951782|-489.976074
359.919189|-496.629211
120.955956|484.135132
497.576965|29.386446
27.790691|386.259552
128.769577|-296.951874
163.390594|-78.603714
393.262390|66.928169
-495.299591|313.367615
-144.605118|-130.124176
97.368439|326.220459
-197.614471|287.744324
41.229996|460.124237
-80.296875|281.258698
-88.741768|-70.024521
-96.210342|-412.066925
-301.048645|-289.386566
347.730957|-190.141022
87.970879|51.642181
477.010773|-219.910599
155.778839|-15.167723
463.261902|-427.172913
-92.828331|261.782196
-372.875214|-496.537659
58.621563|183.965988
-326.889465|492.021210
148.131500|111.885368
-150.907974|167.411453
8.540174|-477.303833
100.133858|24.357655
414.498047|60.030670
430.087616|370.816864
402.617432|-19.986437
411.641937|156.398254
413.521973|-1.942874
-333.626343|-104.448715
63.997532|352.290466
-449.487640|497.173431
300.820740|-385.979218
-255.953323|-433.833801
-219.751068|-483.089966
19.469156|139.141495
59.287769|-347.744080
249.821030|-496.645264
-75.963844|-408.346527
-371.374207|419.249481
76.466896|123.251450
-81.335220|-383.128815
-358.533569|-12.261554
90.507835|-163.784058
153.456329|-96.385147
78.517090|335.803406
-474.604614|-101.256874
270.910034|-498.157135
-49.061104|-316.160370
-283.743347|-300.390625
411.319519|380.099762
-415.194336|454.066620
108.204514|53.454494
-256.658600|-196.692703
399.318787|259.696106
15.532599|285.926453
391.630493|93.449051
119.039047|330.995972
-117.857269|-315.355103
-52.416626|82.031540
-439.266998|56.184692
-337.279724|-188.262466
417.511169|234.052734
487.156403|54.832584
283.894745|-244.552628
-265.013947|461.643372
-392.356049|197.345306
-235.172470|303.540955
82.999382|-46.230068
-447.108551|-458.162659
-342.365845|128.034927
353.108521|-253.450134
268.432190|-471.495728
-299.768066|295.044617
151.463013|-429.737213
-136.889343|-322.535583
-393.456818|315.565887
73.488716|-64.961678
283.406677|-80.487389
145.980179|-481.284668
-57.960266|-41.793861
-380.414948|487.899963
-107.650841|-336.151764
-224.606644|-210.677567
-57.644493|190.012054
235.961990|-263.641510
-435.076111|-203.152954
-4.838193|74.545776
-320.947479|95.826782
257.433472|-415.682709
-8.711685|391.885223
212.719818|-43.465874
-11.333303|-248.885681
472.862854|-74.704536
-267.246063|-95.385056
-130.207153|388.318420
64.203545|-129.266464
-339.421722|-393.526794
-224.908432|-258.097351
-186.811035|-449.682037
-346.497314|-292.080444
-434.991974|125.236305
-125.076897|368.661377
-388.179077|372.161346
263.849274|-238.791946
12.260791|-436.265900
143.048325|-78.253532
-92.307426|-91.651115
-256.245758|158.491425
-423.199036|167.392212
112.847954|-284.005005
38.120556|188.997650
-487.735657|-454.047852
-161.221863|-145.561996
-453.438812|407.237457
299.235016|418.224640
-264.414032|308.538879
-303.718475|491.938721
316.435669|40.747017
-491.500000|82.809891
429.172424|169.409088
263.063416|-196.212677
175.690308|220.809433
-309.298950|402.691467
