-214.887619|-93.912743
-191.685303|-317.015930
-295.615753|92.557938
-299.100220|-88.299416
33.691746|365.233612
418.857239|107.938751
368.347687|249.347229
50.286976|353.579376
14.818995|386.297363
405.410614|61.369347
84.391998|-291.855438
261.890259|-190.954697
-162.022919|-377.619263
-132.363388|-348.261688
133.864471|466.833374
-320.625519|251.038177
301.078613|250.350250
-466.813324|266.455261
443.055847|-449.816986
-39.809326|-341.301910
107.223145|-383.839142
415.077789|-17.159452
101.769295|-403.807709
-152.627762|468.076294
354.755737|-221.759293
318.220581|-225.599045
187.238632|-2.065816
-225.036774|-51.609653
123.453537|14.639956
-413.152313|-60.805382
-270.927216|68.198479
-142.772675|450.335815
-140.893341|67.987419
63.100075|-461.755554
296.736420|210.451767
-4.602959|266.966095
118.170944|-125.927345
89.675316|-85.058647
-28.879641|109.615219
-97.874962|-197.090668
-488.404938|487.358398
-53.398464|221.906967
-168.119858|234.752426
184.241577|-298.360535
361.924255|398.071289
-274.235535|311.679230
243.080948|-19.800301
214.625931|-90.405884
172.629150|78.839691
-495.426483|345.913330
-78.748138|-205.919113
298.292114|-190.318253
220.540436|-50.738815
-309.309937|51.962589
23.614206|-13.178297
171.139847|-477.466614
374.594116|64.935097
-50.187397|347.715912
489.142456|-405.253662
208.165680|435.212219
-281.300201|-344.789032
24.992069|107.098824
281.559235|-300.730957
-376.236694|459.656586
-480.903320|-288.892487
35.838604|-278.893463
224.658112|-165.926910
-40.020443|-177.290894
489.577087|359.514771
-58.437271|400.028137
-466.179352|-336.385620
-397.113647|458.206146
-392.424347|-62.446785
436.053741|-1.806854
-126.381706|423.352722
63.382404|385.094269
280.176758|-279.579193
283.871490|340.777100
34.504784|180.680969
257.836731|-237.664230
-81.333290|74.918030
-417.828796|454.756226
-276.165253|2.640881
-303.479218|465.787964
281.720642|454.956390
487.861969|-425.881409
-40.194443|-243.803619
193.646454|-217.432663
-450.159454|17.971918
462.389496|203.788910
209.340454|-343.124084
-391.407074|-348.415985
311.588501|-486.317444
246.635406|-214.273239
413.123199|3.662761
358.269836|343.182678
96.670212|216.519714
346.230377|-497.120880
57.885654|-391.301941
-50.687031|57.833172
73.105202|-412.451630
199.233978|-377.714386
-114.088875|244.995331
-304.609924|-27.312717
34.023453|-299.440094
498.564453|151.940689
323.497040|438.132935
331.909027|-346.953461
-136.212311|-194.114853
-356.545135|199.628113
-23.134935|415.976196
316.944458|-365.524323
320.380463|37.836014
399.663147|-434.849640
126.099037|231.545166
-347.150848|476.247070
-71.069244|352.676056
-48.596436|113.664711
43.274185|383.053558
105.180756|-497.779358
84.705605|-498.038818
-492.440308|-192.249268
-61.992706|-3.974825
-121.898705|225.509491
291.930115|308.390747
53.578041|-412.863647
-280.733551|106.829002
-238.003937|5.339199
-424.855774|431.701691
-57.336151|379.400330
241.570313|-191.916275
342.587982|189.242310
-360.313202|-312.445190
-145.762344|268.205170
-195.514084|208.169006
-315.186310|-180.719131
-41.297928|365.911926
-226.004501|-11.967368
422.784210|-159.421371
-419.548706|-41.155987
-372.831085|-233.330978
-42.464062|-19.175934
-235.684174|-411.842529
462.680817|-330.233948
452.732208|89.944710
-154.686600|249.681412
101.189575|-424.199341
437.524780|-145.672867
15.890471|-32.707157
488.452789|-255.329498
-486.539551|-450.097992
244.345001|-253.832764
-110.634575|-115.758911
-480.524658|-471.232422
71.324776|-244.694977
-223.318924|202.742706
338.237518|48.506966
335.936707|-326.128418
462.197205|-456.776733
-288.816315|-13.818202
212.770386|-69.391296
-169.817383|-329.324371
82.160538|89.631989
-59.993931|-338.106903
-299.740295|112.556366
147.094971|-485.349548
-130.974472|467.614502
-373.022858|-69.077690
71.927071|-326.888550
-264.318359|373.634094
386.620758|462.407043
413.530334|-459.069092
154.553802|-499.000000
440.568848|52.317627
78.753639|351.782166
69.448303|-306.608032
114.326073|-63.018345
444.042450|71.334595
-479.242096|249.538391
-99.276398|-176.835876
89.961685|385.175140
-144.813934|327.345398
-2.687765|416.122223
-135.081772|245.923981
-94.425972|-103.348969
-69.834167|-358.639587
-275.541504|-324.862183
318.214111|-131.108673
25.350945|30.919085
433.606628|-176.898865
91.286156|-24.713091
499.099548|-377.419617
-148.422302|229.634933
-408.603271|478.829224
11.963505|230.646027
-388.456848|476.452271
108.531769|59.085503
-213.521500|146.540726
55.710297|-433.124329
38.853897|-0.152944
472.264557|79.120590
409.424866|433.498688
454.923462|20.208654
447.430084|109.595818
465.764954|38.238243
-384.745911|-86.428719
8.926966|345.695404
499.000000|-477.689178
316.124329|-333.186920
-201.037918|-397.224426
-266.420502|-436.420532
16.351381|191.296753
83.994934|-393.708160
298.937042|466.864441
-96.585205|-471.036407
-323.790833|463.857910
31.110205|126.997536
-22.921152|-360.168518
-329.077301|46.800636
65.906685|-225.026657
119.619446|-82.643791
102.742126|338.616211
-433.127197|-55.941605
327.106232|499.513947
-8.527320|-344.722473
-261.033356|-340.027313
390.130005|441.358673
-355.149841|433.266388
45.592525|32.580120
-273.887054|-259.214478
335.289978|243.688599
-17.800787|251.344284
431.870514|90.166466
165.710403|284.328583
-73.345062|-321.952057
-68.423828|18.002060
-485.275940|35.234489
-295.580383|-143.152878
457.112244|286.853271
492.597687|84.616234
234.836212|-231.360779
-218.344513|414.973938
-352.333344|220.348160
-254.637283|317.074280
105.940926|-98.200447
-498.398438|-429.232422
-282.087250|127.045975
397.108521|-209.450134
330.686676|-477.602600
-283.408264|330.565247
125.341522|-374.164978
-80.289268|-341.521332
-349.456818|271.565887
89.500755|-111.257408
253.889938|-139.519730
83.369263|-460.407043
-92.031860|-80.966057
-437.985840|460.819885
-150.076019|-331.921173
-276.144165|-169.447708
-21.034395|135.096649
195.562256|-315.771240
-487.876648|-163.553223
45.667988|109.221924
-260.010406|109.178665
227.917908|-474.713715
-9.188058|335.939880
199.388916|14.841898
41.264778|-209.602020
435.917542|-22.118662
-205.500122|-112.778069
-169.705276|391.791321
51.863464|-193.036102
-400.700531|-418.037781
-264.628693|-278.147583
-207.681763|486.904205
-295.323547|-329.983368
-493.593781|132.128647
-145.969742|430.188904
-329.148071|342.644501
226.623062|-208.174606
37.546124|-400.653534
118.792519|-18.690884
-56.753380|-70.306824
-261.246796|129.437134
-481.740265|154.375320
53.453529|-293.258148
-8.906802|233.150192
461.685486|-435.880829
-116.185867|-188.539993
-459.919067|345.296448
264.105042|376.276337
-263.227112|336.143341
-368.179871|478.340302
342.032166|25.997967
-448.142365|39.290714
381.049835|126.822426
280.214783|-180.884766
116.697906|250.328171
-272.675507|354.984863
