-149.152161|-108.498131
-235.430801|-358.094788
-234.534485|74.534233
-349.439545|-129.991119
-5.584935|418.170349
449.043213|168.313538
331.309113|209.431793
11.849772|407.510315
45.005985|446.669983
432.959106|16.788952
47.490845|-317.474335
268.855591|-218.878082
-126.248558|-325.145142
-190.799454|-327.112671
197.758789|483.789642
-357.054749|304.496216
360.759277|234.349792
-436.642029|215.467865
400.634094|-412.414734
-14.201338|-362.916595
94.840981|-420.553345
375.437958|-32.877449
135.441727|-364.692047
-143.567337|-472.427551
399.755737|-176.759293
264.239014|-266.123932
224.668900|54.105583
-277.745636|-93.776558
69.801582|53.375187
-468.012146|-90.655144
-212.183777|66.210564
-171.887955|-490.858673
-156.732483|132.480606
6.545928|-437.735779
360.772980|189.106705
-26.714340|289.471252
152.898926|-183.807465
130.172714|-139.060669
-22.539528|68.817169
-120.847168|-206.563019
-475.780334|422.606812
-30.248354|244.671875
-223.705841|200.306503
144.940567|-346.025757
364.198364|423.236481
-334.402405|325.853943
209.051041|-74.414337
248.126648|-42.955208
156.258148|13.355000
441.275665|325.802795
-72.340508|-267.189423
332.691437|-136.015564
267.293091|-34.057152
-279.146729|111.621628
33.373676|-77.715416
139.075928|468.813690
368.671234|13.767289
-76.292564|360.906097
435.731659|-404.944183
268.539398|405.024536
-257.454315|-386.489868
78.174881|135.095474
246.711853|-247.816620
-431.998962|471.774139
-426.669281|-250.407684
-10.811431|-261.615265
244.427444|-138.594116
-38.665630|-232.159439
426.102020|340.357849
-68.933060|335.599304
486.271973|-380.421265
-451.823303|465.131348
-455.262207|-70.776527
388.356720|8.196442
-147.268738|487.539032
108.015236|336.757324
249.161118|-226.807861
220.756958|358.085632
5.902182|240.441757
201.672394|-275.105255
-126.333290|29.918030
-437.988129|406.934052
-321.776489|22.709871
-262.112152|-484.089966
251.526001|-484.242249
448.642090|-420.261871
-29.783188|-299.195465
148.646454|-262.432648
-484.882935|-39.911495
492.577179|264.162720
236.539078|-386.222137
-331.034454|-318.228302
359.203888|-483.213196
182.630646|-235.702774
423.301636|-30.156803
328.082153|403.555298
81.173042|154.648682
310.973969|447.558136
5.932539|-360.350159
9.738583|27.756042
47.844723|-374.144928
154.233978|-422.714386
-169.749985|206.865891
-326.087891|-91.301071
-13.983751|-281.724152
-477.348938|213.178589
281.328766|385.423279
267.874481|-368.305634
-107.000984|-242.576950
-325.037445|181.668808
-65.375443|377.808380
256.923737|-387.857788
348.586700|68.007904
336.991638|-409.781586
65.696648|261.674866
-413.223450|464.663696
-96.549706|413.801117
-40.348961|79.781487
87.527367|336.635132
41.634750|-476.067535
20.580818|-477.117859
-457.712524|-250.129364
-80.651550|-65.678589
-177.254257|187.263321
348.092224|270.949341
74.306206|-448.184204
-217.279556|86.125854
-224.768738|-60.850498
-369.233704|460.492645
-56.503212|356.227295
301.846863|-161.546585
358.960358|123.758255
-315.313202|-357.445190
-195.131989|230.916061
-166.393768|149.776306
-379.222870|-202.064194
-62.169327|315.671570
-212.598206|-78.082008
362.518768|-130.531799
-460.083069|-51.093533
-423.819824|-273.638336
-37.427711|37.239269
-200.956390|-469.723999
442.422913|-385.289307
414.697601|35.105503
-210.111374|215.639786
145.079819|-384.547272
447.239258|-193.571243
29.183840|-98.396950
467.913025|-191.219696
-429.927979|-419.376434
188.340302|-291.469879
-136.027603|-176.658081
456.592682|-487.925293
47.104229|-296.647339
-186.306442|146.492920
297.075714|-4.526607
371.409912|-383.447418
419.728973|-418.945068
-300.345703|14.265555
216.822830|-110.398636
-148.116562|-357.578644
127.160538|134.631989
-109.429878|-313.071991
-235.589828|94.903633
90.327789|479.863281
-125.393623|-480.959106
-439.120331|-82.734871
43.106289|-354.400696
-202.241714|383.070099
443.537079|492.120087
446.993011|-440.551239
217.920349|-486.429871
447.284302|1.345091
126.483078|304.052063
13.493281|-301.557373
66.889374|-15.121203
460.723785|49.471172
-448.160431|198.606003
-58.911873|-229.712158
68.616653|449.211700
-94.817139|370.071167
-45.292187|372.787384
-189.858612|210.960892
-118.942429|-165.941833
-21.313864|-382.436401
-254.785065|-366.491486
288.026428|-70.734680
-35.723946|9.005364
387.274780|-153.442627
25.096962|-37.950932
-456.475891|-353.523682
-203.938721|195.395126
-470.581543|474.562988
-32.116955|269.857849
-446.637451|487.172791
58.117073|70.888115
-268.814392|128.249512
92.608353|-460.399353
-22.086443|-25.794275
-485.199860|111.510460
462.002960|466.666138
-496.199341|12.225625
479.934326|56.988796
487.279785|23.261824
-450.207672|-100.485329
-43.639664|303.373657
468.099579|-440.905121
353.058350|-276.759460
-141.891052|-377.466949
-314.150604|-388.690430
-11.078048|251.531219
93.567078|-441.131622
343.821381|421.074463
-117.930267|464.135651
-282.096527|-488.405548
-26.558744|109.337082
17.528490|-343.179016
-299.005951|107.231789
36.597038|-278.853729
71.961464|-34.846149
163.116119|308.428528
-430.636780|-10.248521
374.745972|-496.950256
36.430912|-335.482849
-238.733978|-379.721161
442.147003|471.663086
-289.665833|416.894012
-15.405694|8.211127
-290.540497|-324.627045
301.880646|213.338928
-76.609512|281.262360
393.876923|35.380642
213.440506|236.598480
-114.534126|-358.790924
-85.645370|-45.907383
499.240814|63.963943
-250.580383|-98.152878
497.669403|340.810516
470.655121|130.555832
171.119949|-253.274139
-170.614410|367.243835
-323.571533|202.062408
-314.015167|325.616150
147.497818|-151.206909
455.453339|-400.793732
-219.879623|108.670547
433.032928|-176.733215
381.442993|-477.374481
-222.685806|351.160889
91.134544|-317.213867
-34.600449|-365.901184
-320.430237|230.906784
128.994247|-160.269485
264.885406|-137.711853
24.376564|-447.405640
-122.218857|-141.340042
-457.889618|411.650391
-210.167542|-301.210663
-328.848755|-127.274742
-46.284714|103.372261
155.681351|-368.240265
457.599579|-123.053497
100.398445|147.066208
-222.244110|139.346024
206.879318|463.945435
-62.312481|295.403564
240.505447|68.178551
21.212040|-263.525299
409.140350|13.096386
-143.783615|-128.286819
-199.891586|331.418701
40.940472|-257.538483
-444.800629|-449.075745
-276.380829|-339.778442
-229.026825|422.867645
-274.817566|-372.576019
439.937500|136.152847
-167.450287|493.098755
-274.143707|331.607147
258.845673|-156.697632
56.545216|-458.778503
97.447456|45.345238
-36.507866|-10.817726
-289.656769|129.922760
461.724365|149.649414
-1.944313|-322.161560
-52.806511|273.798065
415.442108|-398.787445
-138.876266|-196.936691
-476.291443|279.812439
209.337402|375.747742
-220.289581|285.870605
-423.396942|490.010712
384.511841|-14.521037
-403.142365|-5.709281
332.171234|81.489670
275.086121|-241.147583
56.334751|280.418182
-219.155731|371.703247
