-307.371674|-72.249489
-127.575417|-253.627777
-383.591370|65.281044
-235.310043|-22.122030
69.636612|295.296906
363.169434|56.846420
448.846710|303.013489
105.948105|294.109344
5.516850|305.451233
342.266266|124.019119
175.078598|-262.465790
242.239807|-165.651016
-220.072525|-455.020050
-51.880280|-380.500275
40.003147|443.366302
-262.573944|173.637390
209.292892|280.946442
-499.000000|345.709869
397.329895|-498.006134
-86.169739|-326.367859
94.268517|-316.013397
436.559052|-35.703075
45.897820|-342.818726
-111.285408|382.454132
291.697662|-277.770111
388.204987|-194.522247
149.638901|-82.778091
-149.488235|8.829575
190.637543|-47.865047
-385.053375|20.969503
-351.426239|14.531398
-99.357048|365.930725
-117.428238|-25.873932
154.817307|-492.167664
204.950699|241.046356
28.180542|332.673126
111.967690|-55.013927
45.971310|-11.777911
-2.054254|170.412476
-123.360214|-148.826828
-483.900726|-442.850983
-145.093964|191.067291
-86.534630|279.881470
240.718277|-220.350433
419.975830|320.670502
-308.591553|284.058655
286.349365|66.735611
171.772919|-172.859467
196.094254|172.700623
-433.300629|400.875458
-85.507202|-118.328087
293.444489|-213.930328
160.444748|-28.055624
-352.462646|-34.563156
-1.847962|77.485558
211.619247|-392.993042
351.127045|158.796173
-3.216692|285.057129
-440.680908|-430.980530
122.930229|476.516174
-307.813019|-303.842773
-51.304703|54.636364
324.926453|-385.682556
-291.080048|462.487274
469.671021|-325.932678
108.395401|-284.447693
138.122055|-209.193954
18.029591|-99.890465
-446.177429|416.697052
-38.675747|490.916931
-411.252686|-263.157501
-311.354065|468.300629
-298.630402|-53.421963
494.035156|44.959328
-96.020180|331.490234
15.166378|467.984985
323.803162|-364.504822
375.657227|310.180542
13.754509|116.629852
307.395111|-187.940323
-18.912561|138.356750
-360.208740|-494.159363
-189.664261|25.074795
-372.762665|399.240570
323.023865|373.018066
-427.894257|-446.649902
-83.462471|-157.267563
258.139954|-152.941254
-422.791229|103.573952
416.538666|124.498917
149.003876|-271.520966
-477.941162|-391.684998
223.246506|-469.104401
312.605804|-207.904663
344.206604|43.967945
402.933685|257.704254
117.769478|310.241028
260.851135|-475.749969
34.214977|-461.567139
-64.958801|126.910812
17.326645|-473.859711
263.733978|-313.214386
-32.815636|294.860779
-272.231354|63.590366
81.635391|-348.288696
-442.873535|108.608521
375.872681|-485.910339
375.195984|-295.858612
-201.852783|-124.486740
-422.270355|136.663620
6.252561|-495.276581
407.144745|-334.411957
249.764771|-11.240162
481.591248|-478.117737
212.668381|188.344360
-260.583252|493.851685
-20.268808|273.660645
-127.921593|161.227753
-15.014470|460.058472
195.012299|469.323547
135.418900|433.272278
456.920990|-109.287575
-46.153942|-85.488625
-41.147449|275.555664
211.429993|362.056763
-8.276291|-476.173676
-368.474609|79.371048
-256.973389|100.211304
-459.964355|401.025757
-36.659473|414.117401
222.827530|-231.559601
319.120911|283.102722
-424.809387|-247.952271
-76.519073|318.657288
-230.468674|294.534668
-223.400589|-150.124542
-6.744128|441.016754
-244.864227|82.894226
498.330048|-218.602203
-376.262329|43.809067
-295.508728|-180.961823
-66.995750|-82.524384
-285.460663|-328.879089
488.489899|-262.676056
398.797272|88.115639
-74.080025|295.397797
41.817810|-492.399933
462.814331|-53.682003
-10.364688|58.315079
487.789307|-336.245148
-440.497009|-468.575043
292.329620|-325.364716
-141.269638|-44.403713
-385.650024|-452.270630
128.725693|-180.253464
-276.986237|283.243042
354.119110|75.243797
274.343506|-266.915100
453.889435|496.027893
-286.216461|-75.311272
182.799072|-75.879372
-252.973404|-303.343109
21.671572|23.848108
-0.018593|-368.800873
-393.357330|135.591553
225.341309|-434.273407
-88.167221|383.591461
-278.479919|-51.394337
158.964432|-343.116547
-322.977692|447.852783
329.792419|-480.821228
339.533173|499.122498
91.784058|474.410645
-472.720398|19.662428
6.047150|408.003265
155.625931|-311.246063
168.449371|-90.526794
383.608521|74.637199
486.939636|330.564117
-163.553436|-113.845581
88.192146|304.339050
-222.586777|275.616669
61.729996|480.624237
-53.805744|293.255402
-66.514648|-60.523544
-89.957146|-418.115906
-277.024963|-272.203583
369.424835|-205.243378
117.158768|61.272785
497.508240|-240.393417
180.950211|-29.495592
441.518188|-448.916626
-66.796844|276.139801
-392.005310|-472.465454
80.363251|162.220566
-298.917572|-497.076599
166.581375|136.485413
-126.582726|181.337677
-14.309899|-495.450500
128.684525|35.777912
390.783051|55.337090
439.766815|341.629913
388.170013|-6.626740
429.266235|179.497070
399.878387|10.272484
-316.569702|-130.034302
88.009392|371.500458
-430.087585|475.855682
283.764099|-411.564178
-281.538300|-450.890442
-198.007355|494.218353
-6.061916|122.003357
43.769001|-322.515381
241.032700|-481.182190
-84.940788|-397.230743
-393.106567|397.494873
105.017563|134.671829
-104.901634|-397.383362
-372.248505|-39.783623
101.928040|-135.233704
175.329758|-109.648392
71.281151|316.019989
-496.348328|-123.000275
252.398346|-498.677490
-62.812958|-288.657288
-259.876129|-283.455719
421.135651|351.381012
-445.024719|461.530182
137.375977|63.180229
-249.200653|-166.861099
429.150391|267.154816
24.448591|312.096436
389.914429|111.083611
93.568275|324.446991
-144.675415|-307.113831
-44.958725|111.863457
-423.572235|82.604530
-312.362061|-190.179062
399.060669|209.452484
-493.868805|36.058514
309.647125|-228.417694
-284.932770|482.382690
-402.080536|226.517517
-208.948700|291.657349
64.713562|-21.516148
-420.235596|-469.951019
-372.193146|135.470718
332.608521|-273.950134
244.782089|-461.563080
-328.939026|285.317657
168.520279|-455.322174
-164.477386|-311.984467
-413.956818|336.065887
53.737499|-43.409588
297.158844|-52.983685
175.151276|-491.011536
-46.491188|-64.735535
-379.450897|-488.795319
-79.696472|-345.710480
-200.595093|-229.886932
-74.701447|215.597641
257.037109|-242.804932
-410.475861|-221.602829
-30.460373|57.572571
-347.465546|80.835327
271.185638|-388.179626
-17.307436|421.283051
226.471359|-70.969582
-35.933308|-267.335938
489.877502|-100.317604
-289.516632|-103.108574
-118.979347|359.841003
70.234116|-99.113594
-310.871368|-382.106903
-195.736221|-267.821838
-177.087173|-420.509827
-372.082275|-275.023804
-406.247650|117.127220
-115.077194|339.953552
-415.682159|385.913513
291.282318|-238.348373
-7.954681|-439.775085
130.248047|-74.443344
-106.017014|-119.175674
-237.795868|183.091675
-402.767883|156.527863
124.269974|-255.455383
48.438507|160.992432
-459.372437|-459.242401
-180.929810|-125.209076
-445.980255|437.069061
310.658020|446.773743
-293.508270|298.738556
-281.437805|-497.264374
336.357880|63.819233
487.467255|103.309891
449.504150|182.451782
288.177704|-179.834122
203.144608|207.007568
-327.723145|427.302917
