-381.232666|-54.603256
-63.078911|-189.131821
-466.130463|24.956924
-166.896896|46.290581
-11.689325|255.363602
306.855316|92.103554
495.917572|360.184326
126.653854|229.496964
12.105529|212.595749
277.766266|188.519119
265.906189|-239.295929
198.024261|-113.831650
-210.918808|-499.000000
42.990898|-399.475494
-44.628399|450.339661
-223.191116|101.584450
117.507263|311.542999
449.971527|397.732605
310.567291|461.370514
0.276896|-369.596985
118.517380|-223.748901
-496.378937|-96.378616
-17.124447|-333.643250
-163.623306|311.095093
234.650223|-312.253021
465.999664|-137.150742
202.162872|-134.441711
-76.075836|47.648029
268.036621|-105.233086
-337.370209|94.798889
-431.927155|-39.133286
-66.405220|284.497284
-100.236000|-118.622292
158.141907|454.495575
113.165123|271.641937
71.465721|419.200043
62.190212|27.948521
-11.122295|65.850395
66.358360|238.825623
-35.403980|-175.861115
473.806366|-384.087006
-227.061707|157.747269
-73.328964|336.297485
295.946930|-144.976303
477.862396|261.837219
-400.352417|254.752075
331.804138|150.534302
121.248505|-244.761429
235.600433|255.738342
-380.120758|450.264801
-71.580910|-25.428291
288.523102|-287.702789
78.646530|14.446364
-330.054657|-125.364014
-17.975742|169.355682
254.326920|-306.209656
327.659973|252.656586
23.601067|195.796387
-350.989807|-395.774933
36.399696|-479.411713
-401.673431|-327.309845
-127.980194|8.120124
368.093903|-472.264130
-235.929016|387.826721
391.058228|-381.312561
200.173813|-253.830307
53.226067|-252.519638
76.079590|-22.490629
-393.742401|469.566101
-26.058588|-436.541138
-373.175140|-189.594925
-253.493973|399.568878
-253.515930|-8.795899
-424.746368|13.924326
-67.390907|240.312271
-7.041263|-456.694916
376.734985|-441.053070
465.558685|284.796143
33.119736|37.724995
385.284485|-142.762695
42.219994|184.105408
-348.924683|-438.611359
-95.748367|40.141216
-363.062134|324.944397
366.292877|286.483978
-356.971039|-464.260773
-128.990021|-79.479820
298.010437|-94.427277
-426.284851|140.008118
359.697235|58.043377
82.797432|-201.592560
443.196472|-434.316589
145.918869|-470.597412
367.930237|-207.859390
293.550598|107.154655
443.304321|170.761963
153.992966|362.159119
221.051483|-392.435730
84.374153|476.809662
-151.494858|170.177887
-4.159881|-476.102081
326.792023|-254.822769
42.966949|334.318512
-235.970169|118.143044
105.100494|-442.149109
-423.648529|57.401314
438.465424|-414.456329
466.981720|-265.262054
-261.402588|-54.344868
-444.182190|103.461746
4.502655|-433.609985
499.000000|-305.352844
169.263779|-64.907257
-433.641846|-498.229187
298.868073|147.134171
-195.720413|-491.549377
7.488453|183.062408
-195.633728|212.920502
-37.540577|-463.468750
286.798035|438.726990
158.655502|342.262085
407.144501|-26.325123
32.766510|-133.379639
18.209282|309.956055
142.371353|415.422028
-82.523209|-445.911713
-423.861725|119.785645
-267.898407|186.371094
494.353394|386.347351
2.434940|352.011627
190.833405|-235.284836
295.653839|376.963135
-426.236481|-193.538544
-29.365040|396.193542
-270.204010|376.627899
-131.614853|-119.529945
17.766737|485.000000
-258.861603|168.089005
-429.266052|-253.927841
-351.076813|117.273041
-215.343445|-127.465950
-12.014809|-141.548782
-335.684448|-249.369492
-444.265778|-240.179947
353.121674|113.796700
-27.470768|369.629913
-23.811354|447.117798
486.265930|40.183121
-53.681755|136.161453
410.710144|-387.961975
-468.813690|495.647552
326.096710|-387.135956
-218.670425|13.646328
-292.187653|-433.888214
213.883652|-151.273224
-345.026031|335.452606
400.680054|134.537231
229.363678|-189.507751
-482.051331|438.153809
-324.690033|-146.423294
167.138168|18.357033
-308.627075|-255.955765
-42.684258|-40.687744
94.852585|-387.776093
-443.379211|124.143761
305.936951|-380.764618
-34.262653|349.887085
-204.118057|-39.383961
245.500488|-386.385559
-370.130951|-481.051605
263.847290|-425.404114
267.125549|-453.990570
-0.141353|444.852295
-381.283966|-11.637165
-50.245567|481.498962
238.587402|-361.022552
232.901031|-141.242706
328.495453|100.660378
406.440918|329.850555
-224.499527|-42.842194
107.256569|237.990921
-289.044189|263.504761
126.272125|-454.171967
23.018389|341.240814
-8.981566|-23.971693
-132.732208|497.719421
-240.949585|-186.349411
412.693848|-291.778625
167.736023|103.957458
-442.970764|-294.626312
253.030304|-90.767998
372.131714|483.662018
2.841167|324.445160
-393.570618|-398.030396
148.782822|93.815102
-213.653580|-480.537994
224.630981|213.886200
-58.088413|212.710312
-24.807924|-477.789429
216.090576|74.222115
316.739197|27.402407
431.706909|303.597595
319.990753|-20.271505
459.750946|251.874222
335.214996|17.341324
-262.903687|-210.535294
163.593216|431.295227
-372.999756|409.561646
219.179977|-464.054688
-363.154785|-498.948181
-129.594208|425.805206
-83.720566|71.021141
-14.661120|-247.064621
204.359894|-404.688477
-61.093872|-310.452484
-468.923676|369.450592
194.846985|170.604675
-189.728424|-440.830383
-415.435699|-126.359131
137.860168|-45.403645
234.153198|-161.711136
-0.713175|302.553345
434.332764|-191.279861
209.853561|-424.903137
-80.353477|-201.276138
-205.293457|-212.789185
411.746246|299.724579
467.222321|474.077911
227.627655|93.710136
-229.204376|-72.926552
-476.236450|290.621887
65.254463|399.372223
409.606567|205.523193
21.025673|361.700623
-236.395874|-276.545593
-21.493511|205.724045
-361.120758|79.745766
-375.884949|-254.121307
340.820770|132.200256
-411.208740|-11.800114
398.800629|-261.581085
-314.595001|-467.350311
-432.677094|318.303253
-122.450615|260.987579
7.474260|55.880272
-350.074524|-483.459259
-446.022858|144.110825
267.838287|-336.692200
202.662186|-383.601379
-420.720764|254.715714
207.187607|466.549438
-256.255981|-281.369843
-474.198486|389.581787
-10.762497|21.090416
331.143463|-2.626129
244.214050|477.362000
13.660087|-85.188332
-368.231873|-430.794678
6.868168|-388.920746
-125.045952|-290.326233
-122.538788|296.650940
332.232239|-184.151947
-332.270477|-268.776428
-107.561836|3.392714
-336.054871|-0.364445
323.135925|-313.939514
-41.552200|-490.767609
275.409821|-149.485672
-114.634178|-321.436584
-462.244843|-182.384064
-320.113190|-194.894043
-86.565926|272.340424
88.800552|-4.193800
-221.042206|-346.176025
-106.647476|-301.904175
-146.492584|-328.724091
-452.581543|-221.356735
-369.759033|98.920052
-84.729767|252.092941
-400.938263|450.228333
235.278183|-279.437042
-68.393906|-364.224579
183.190628|-152.138504
-131.397003|-161.298019
-179.746262|260.492462
-310.646393|175.167160
148.326584|-170.003662
71.903610|67.131378
-372.062805|-450.386841
-240.575302|-56.033699
-435.623901|-477.966370
348.659088|-464.575714
-374.870026|301.933746
-293.703552|-469.881683
313.402069|114.047417
423.018524|167.833160
-483.306244|251.327026
368.516846|-130.669556
277.316589|241.650940
-383.992706|-498.698669
