-404.515869|-48.782455
-47.084103|-173.134750
-487.596283|14.223776
-149.926193|63.261162
-33.155552|244.630615
292.491394|84.950630
-498.449402|373.164886
139.965347|209.526901
20.979015|190.796585
261.766266|204.519119
288.674744|-231.706573
183.004730|-95.112404
-192.111176|-496.396912
66.524834|-404.182526
-67.911453|444.517334
-209.533447|83.698517
94.738953|319.132843
444.150238|421.015808
289.441895|450.094208
21.692280|-380.395691
124.338181|-200.465698
-480.378937|-112.378616
-34.095028|-350.613953
-180.585861|294.116394
251.759018|-300.238892
485.199860|-122.750832
191.088547|-114.572075
-57.373989|62.689243
287.239777|-119.628899
-326.636810|116.265198
-451.895905|-52.446030
-49.434654|267.526581
-94.415199|-141.905594
142.455643|436.626801
90.396812|279.231781
82.134109|439.793274
48.931519|47.763420
-25.521631|85.050934
83.328766|255.796371
-13.120530|-184.774658
467.985077|-360.803802
-249.881104|150.318558
-92.528915|350.697876
309.142487|-126.732910
488.959564|244.821396
-423.303802|248.129257
339.250916|144.281967
110.515350|-266.227509
241.421234|279.021545
-357.368622|457.902863
-66.874123|-1.894354
277.789703|-309.168610
60.935604|30.482780
-322.465027|-148.132538
-23.796604|192.638885
265.051666|-284.739258
321.838684|275.939789
39.471909|182.369019
-328.706604|-386.861847
14.535995|-472.388031
-424.956635|-333.131134
-147.775925|-5.422857
378.323608|-493.633545
-221.554977|368.607300
371.089478|-394.625061
218.829651|-244.872421
31.759758|-263.252869
90.478745|-3.290021
-371.023254|477.077881
-21.351801|-413.006958
-356.204071|-172.624680
-241.275970|381.580017
-237.541809|7.286167
-410.345978|33.124336
-55.375439|222.655823
-15.891291|-434.781311
392.734985|-457.053070
488.327240|277.206299
45.087986|17.411486
400.520660|-125.116089
57.002754|199.394135
-332.017303|-421.577911
-74.660927|51.510586
-347.776794|306.768860
377.026276|265.018158
-334.800079|-470.499146
-139.722931|-58.013512
314.010437|-78.427277
-416.335480|158.933151
348.963837|36.577068
65.826973|-184.621857
422.157867|-439.769409
130.726151|-455.833984
390.698792|-200.270035
277.076996|121.426910
437.227386|155.384918
160.773651|382.042603
212.212173|-370.191711
104.953987|464.462006
-172.961166|180.910797
12.762164|-492.687927
342.792023|-238.822769
62.936188|347.631012
-223.123260|118.798409
110.924110|-465.431641
-434.381927|35.935005
453.579315|-399.767487
489.750275|-257.672211
-278.353485|-37.354717
-461.334106|86.821693
10.348215|-410.333008
-477.276703|-297.763000
149.294540|-78.220001
-427.703979|-474.985931
320.049927|136.385147
-173.777267|-488.876099
22.709057|170.464737
-217.100037|223.653412
-51.691765|-444.549103
309.568939|431.144470
163.628876|324.898193
394.796844|-5.745290
52.735748|-146.692627
27.514708|293.099060
122.402115|428.734528
-103.989517|-435.178314
-424.692413|140.150436
-272.426056|209.574280
485.384155|369.740692
12.481784|333.414246
180.898499|-251.487244
289.832550|400.246338
-443.107269|-179.629257
-16.053286|416.163177
-280.937408|398.093719
-108.846497|-111.940590
33.766708|-498.339142
-239.039352|168.346558
-420.062103|-250.422638
-340.343414|138.739349
-195.374207|-114.153206
-19.599106|-164.319000
-347.954895|-229.157394
-434.565765|-235.454361
367.521149|132.997314
-23.198154|391.726257
-47.091789|441.316315
492.087219|63.466568
-72.881706|150.561356
418.299957|-410.730530
-490.279510|484.914154
336.804077|-408.615051
-237.870621|28.046324
-268.653473|-429.181183
219.067841|-135.504150
-360.046875|353.070313
415.689575|153.264648
232.225128|-172.683746
-465.080627|421.183105
-330.511322|-169.706497
162.431137|41.890968
-328.136078|-261.106049
-58.684258|-56.687744
118.386520|-392.483124
-444.597382|138.210678
324.646484|-391.816315
-14.299020|339.496246
-221.564941|-30.059784
266.859741|-397.317017
-349.471375|-485.647980
248.695465|-407.385284
247.925354|-468.390961
-22.909746|437.262451
-358.515411|-19.226643
-67.216125|498.469666
259.167175|-373.370209
245.792603|-158.020691
308.479645|99.167023
383.157715|335.671844
-241.351425|-26.538073
120.583153|218.035568
-308.244385|249.104599
141.888657|-438.704224
36.237762|361.026611
-0.068188|-1.688247
-143.465118|476.253601
-235.128784|-163.066208
423.427246|-313.244446
153.248459|123.090851
-426.971527|-310.627747
272.550964|-102.304092
355.161011|466.691315
22.324574|313.449707
-408.563782|-379.289185
160.445755|103.564415
-191.548538|-476.444672
239.030884|233.086395
-35.330959|220.331833
-8.027575|-492.447479
238.373779|83.135445
297.539886|13.001257
410.282135|292.792542
300.786835|-34.666248
475.151245|259.408264
318.170746|1.824892
-249.590958|-230.504532
181.562088|446.985138
-356.999756|393.561646
205.866989|-484.023438
-383.295563|-499.000000
-112.623726|408.834503
-95.499725|54.256836
-29.061142|-227.864426
187.521576|-392.027344
-53.504395|-287.683929
-487.829742|356.406219
217.130188|179.518250
-211.194733|-451.563782
-426.169098|-147.825439
146.773743|-23.120199
251.398392|-178.356720
-14.392302|315.087708
417.362061|-208.250565
192.234177|-411.314117
-66.308731|-181.832581
-185.324219|-199.476196
390.280426|288.991119
443.939117|479.899200
250.396210|101.299492
-243.859650|-54.163643
-452.953247|296.443176
79.211983|411.761230
414.313599|229.057373
15.811591|356.648132
-259.174774|-269.054779
-15.672653|229.007248
-339.654877|69.012657
-391.884949|-270.121307
326.517517|117.061172
-390.628662|-24.148014
421.083832|-270.494171
-331.610779|-450.426056
-440.266937|341.071808
-99.682297|253.397903
-6.903272|75.096481
-329.195953|-490.492065
-460.871948|149.739395
252.365768|-353.377197
193.787720|-361.302673
-443.488129|247.123932
220.500595|446.580688
-279.022949|-273.776062
-488.459656|391.687103
-26.762497|37.090416
313.848511|-18.089428
266.982605|469.772156
24.393234|-63.722023
-351.399414|-414.102081
28.340298|-399.642029
-104.734390|-302.973724
-135.851669|316.619690
350.973450|-169.159271
-314.635010|-278.588959
-123.511871|-12.507415
-328.465027|-23.132837
333.869324|-292.473694
-48.055210|-467.855652
294.310333|-154.896240
-135.287018|-331.770660
-449.293060|-202.280350
-327.703033|-217.662598
-76.945450|252.974274
91.266220|19.244673
-198.759003|-337.262939
-86.713142|-311.802307
-137.837204|-307.466431
-467.011261|-212.522186
-346.514282|92.970284
-71.894760|233.919968
-378.194580|457.733063
221.965195|-299.405792
-83.386581|-345.483368
190.779984|-174.907059
-142.129913|-182.764328
-165.410126|279.738800
-287.363190|180.987961
157.240158|-147.720459
77.690094|43.839672
-354.609650|-434.891479
-257.512909|-39.527103
-429.801697|-454.683167
358.763245|-443.565216
-389.270416|321.133942
-311.123291|-454.120880
300.308929|129.340240
411.410736|180.945831
-466.335541|268.297729
383.753906|-113.144455
294.287292|258.621643
-395.482269|-485.855133
