-208.334869|-95.532639
-196.185303|-321.515930
-289.279083|90.720078
-303.873230|-93.072357
28.893471|369.383179
421.874298|113.976952
362.731476|245.602951
46.407032|359.079437
17.837690|392.334625
409.910614|56.869347
77.988075|-293.989044
267.333038|-194.751434
-157.972946|-372.219208
-138.982376|-346.937836
140.412872|468.470612
-324.675629|256.438232
307.482269|248.215744
-465.167389|259.908936
438.281067|-445.062531
-43.275078|-346.712189
107.739166|-382.451508
410.566528|-12.763186
108.107811|-402.960999
-154.782700|474.472809
359.255737|-217.259293
312.820526|-229.649017
190.981293|3.551575
-230.307602|-55.826344
118.053551|18.689960
-418.185272|-64.012016
-265.311005|71.942688
-145.088928|456.643677
-142.530441|74.535889
56.684399|-459.663269
303.140076|208.317261
-3.926850|264.254089
121.643791|-131.715378
93.723335|-90.460129
-22.411137|107.775230
-93.551315|-202.100174
-486.767700|480.809998
-46.994843|224.041473
-173.087250|230.215195
180.134613|-303.717346
357.874146|403.471344
-280.516876|313.279907
240.062317|-25.837683
217.655014|-84.373695
170.992050|72.291222
498.408173|343.029419
-74.556999|-211.012726
304.925171|-189.892838
226.753159|-48.957603
-306.294189|58.000839
19.739485|-18.661369
168.121216|-483.503876
376.231354|58.386627
-55.830521|345.260406
482.587128|-406.266968
214.203079|432.193451
-275.626801|-348.445160
30.688719|110.712868
278.540466|-294.693695
-382.791931|458.211914
-475.287109|-285.148346
29.338320|-280.707825
230.695511|-162.908279
-44.070450|-182.690948
483.398560|357.257324
-59.786232|393.414337
-470.952362|-341.158630
-403.684448|456.673248
-398.113159|-61.317757
433.728668|3.839688
-128.482651|429.767365
68.511406|380.952026
277.148132|-273.546814
277.467834|342.911743
31.487904|186.719254
252.220169|-241.408142
-85.833290|70.418030
-424.456635|454.192719
-282.785889|1.325762
-298.653198|470.492035
278.694702|460.990112
481.241119|-426.738525
-37.175743|-249.841019
189.146454|-221.932663
-453.627930|12.181220
465.408264|209.826309
214.113464|-347.897095
-385.369812|-345.397217
312.753174|-483.843506
240.266861|-216.503052
413.276093|7.329300
355.251068|349.219940
95.033112|209.971313
346.669983|496.159210
52.414642|-387.405762
-44.649632|54.814472
77.867142|-411.266693
194.733978|-382.214386
-119.463814|240.945435
-306.876038|-33.668659
27.562500|-301.279785
-499.016968|158.304535
319.280212|432.861969
325.507385|-349.093842
-131.479584|-198.927628
-351.762421|204.391296
-27.588713|410.906403
310.540802|-367.658966
315.745880|36.052906
393.395996|-432.342834
120.059937|234.560455
-353.769836|474.923218
-73.215599|359.075714
-42.559845|110.644417
48.181728|378.829620
99.266106|-495.281952
78.247620|-496.163696
-488.967529|-198.037277
-66.093529|-6.765856
-127.174347|221.393402
297.546326|304.646606
58.409966|-417.405518
-274.279449|104.852753
-236.680618|-1.279809
-418.876740|434.529938
-56.793003|372.674438
247.606674|-188.895554
344.225220|182.693909
-355.813202|-316.945190
-149.664581|263.341888
-192.495453|202.131607
-321.589966|-182.853638
-40.707294|359.190460
-224.542618|-18.552097
416.530640|-158.223145
-418.464294|-43.091038
-378.447296|-237.075256
-40.329521|-12.772325
-232.211395|-417.630676
461.043579|-336.782349
451.408081|83.414368
-159.906174|245.791336
106.837624|-423.352661
436.020660|-152.252304
15.603119|-39.335678
486.318146|-248.925842
-480.502289|-447.079224
238.779037|-257.646606
-113.153015|-122.021004
-487.143707|-472.555756
68.744652|-250.923553
-219.574646|197.126358
334.873383|43.030159
340.117371|-331.377075
457.420685|-452.007355
-294.615265|-15.817500
212.751434|-64.145851
-176.532516|-328.799225
86.660538|94.131989
-60.815308|-333.565125
-293.178802|110.972351
140.884903|-485.606232
-133.338867|473.846039
-379.641113|-70.404694
65.653229|-328.945892
-259.190857|370.178711
391.727753|463.868805
418.930389|-455.018982
160.871368|499.505951
438.919708|45.798237
83.526604|347.009155
63.056274|-308.772003
109.809372|-58.065559
440.990479|65.318764
-477.634491|242.989212
-94.582321|-181.581436
87.827179|391.578796
-139.413879|331.395508
-7.176902|411.622711
-140.146301|242.804840
-96.932503|-109.616325
-65.640976|-363.920349
-269.964539|-328.645874
315.195343|-125.071274
18.947540|28.794641
429.821136|-173.482910
84.667236|-26.036875
-495.287659|-372.646606
-153.447815|225.696777
-415.215088|477.496826
7.191154|235.419617
-395.058563|475.047272
104.481796|53.685516
-219.925156|144.406219
58.962963|-438.341370
32.582764|-2.650016
477.671844|83.160843
408.086365|440.040222
460.323517|24.258446
451.174988|103.979927
471.174042|42.276024
-391.280487|-87.807991
3.681349|341.447388
494.282867|-473.924500
319.361511|-327.305847
-195.421570|-393.480286
-271.193512|-431.647522
13.360380|197.339081
89.610023|-394.295471
303.785034|462.169739
-98.719711|-477.440063
-319.020050|468.633057
26.116615|130.919052
-16.883686|-357.150024
-326.066437|52.841942
63.398636|-231.293427
114.925293|-77.795853
108.779526|335.597443
-437.338684|-55.412952
330.460968|-496.437042
-2.483251|-341.718140
-255.372131|-343.700195
388.054657|444.220215
-348.601440|431.629150
39.189075|30.445105
-275.535461|-265.760071
328.741577|242.051498
-22.599226|255.462555
430.070038|83.694695
170.483414|279.555573
-79.220848|-324.340942
-70.886681|13.022519
-491.313202|38.253189
-291.080383|-138.652878
461.162354|292.253326
497.941620|88.726234
228.718353|-234.029709
-213.571503|410.200928
-348.321808|225.126053
-259.613220|313.077545
110.900894|-102.764282
-498.614624|-427.407806
-275.635284|125.063370
401.608521|-204.950134
336.557800|-476.490753
-278.274902|334.089294
124.788567|-367.788361
-76.463257|-346.575409
-344.956818|267.065887
93.999199|-115.758194
250.871307|-145.557129
76.965759|-458.272247
-95.050560|-87.003456
-444.622467|460.039612
-156.065811|-328.812012
-281.415131|-165.231018
-17.290169|129.480301
191.456909|-321.129120
-493.276703|-159.503250
51.679447|112.026627
-253.738434|107.164871
224.899277|-480.750977
-15.193825|332.861755
203.346420|20.309984
40.752045|-214.668777
432.167419|-16.506252
-199.347336|-114.499535
-172.723907|385.754059
52.475849|-197.915512
-406.967682|-420.544586
-266.354767|-284.432129
-209.816269|480.500549
-289.710938|-333.733124
499.000000|133.174515
-148.187607|436.444336
-323.110809|339.625732
225.484436|-201.780884
41.316723|-406.213776
116.658012|-12.287273
-53.734680|-64.269424
-254.775009|127.766953
-487.577911|152.649185
47.124447|-295.472015
-13.615620|237.530655
457.009796|-431.044891
-111.563568|-192.977417
-461.556305|338.748047
261.598236|370.009186
-257.307007|333.876740
-374.792694|476.986908
346.527435|21.490414
-443.642365|34.790718
376.276825|122.049484
284.935822|-184.423828
110.665314|253.356186
-269.623962|352.570740
