-121.267754|-22.508005
-263.262146|-424.815125
-148.725632|56.259853
-417.356537|-197.838898
-59.002968|497.837158
491.976807|254.178772
268.022705|147.160660
-41.398205|487.389313
74.247658|-465.947998
496.972107|-47.147293
16.337393|-387.724365
328.842255|-293.830566
-159.382355|-284.104462
-284.936157|-308.284546
290.891602|-492.087219
-424.411377|335.545105
451.833496|203.992371
-388.375549|145.587097
318.020691|-387.439667
-61.156002|-406.456085
80.008087|488.813599
315.368896|-14.106361
189.832184|-333.498596
-222.681091|-422.381073
433.032623|-125.962685
210.763824|-298.127197
278.970886|129.827179
-352.710480|-153.747269
-7.135595|110.786102
474.283478|-148.935455
-123.512810|43.109779
-231.823654|-440.771576
-176.945587|218.732880
55.045940|-375.582397
378.158173|161.103516
-31.981892|209.510056
202.289551|-266.126068
187.772156|-215.861420
-66.420067|0.089825
-174.271500|-262.540375
-456.616608|361.388214
57.463425|273.042480
-284.065399|139.386810
85.428818|-419.638824
311.008118|-498.399994
-423.679260|355.955902
166.119400|-160.279572
281.008606|4.738466
132.974945|-79.778748
350.231689|295.356537
-78.244804|-351.793732
333.734650|-85.737259
345.308563|-63.910641
-349.030609|71.978714
56.664490|-170.847214
96.143562|382.950409
365.339600|-68.748116
-144.779922|380.132660
348.070892|-367.347687
354.402679|362.090942
-284.630219|-461.637817
138.160599|140.040161
203.326019|-163.550507
-475.295624|451.659027
-346.556061|-198.864059
-30.653868|-169.271927
277.385590|-77.316605
-12.091494|-303.763184
335.064240|309.906799
-78.601028|247.457886
417.272919|-444.706696
-497.571625|425.704285
485.626068|-121.789825
385.658051|-72.662598
-88.724274|-450.199127
165.584641|259.949066
206.146057|-142.575928
129.646988|388.333466
78.096786|277.408691
121.793732|-328.354706
-180.732956|-21.429953
-442.453552|346.500153
-415.913422|3.884012
-243.128220|-423.723358
226.905624|-400.197021
360.104034|-383.674438
-11.145491|-375.286224
84.646454|-326.432648
468.088135|-111.171494
-471.729797|347.941803
145.602219|-416.242676
-245.114578|-276.116943
430.781433|-460.860229
91.546959|-266.030518
499.977051|-82.189445
285.148560|489.418579
54.432095|64.966614
251.001480|372.593292
-18.259027|-409.805908
46.483776|36.866394
73.253304|-365.220001
90.728775|-484.353760
-223.997375|146.750046
-356.161560|-180.805237
-37.250870|-188.586395
-434.415344|299.042847
221.357361|310.458435
176.800262|-398.665009
-47.223145|-313.262329
-294.738922|90.686424
-115.643074|314.788544
165.854767|-418.229309
417.270813|64.887657
247.858826|-374.129242
45.173065|297.991425
-477.282745|425.844452
-126.907127|-494.730896
36.301685|54.838573
145.082336|259.801300
-49.435883|-445.700409
-69.329514|-446.472229
-409.433472|-331.862305
-103.407875|-158.779388
-237.214737|130.918243
427.967224|217.697922
131.417328|-497.693451
-128.991241|62.865368
-199.920715|-151.339401
-289.358704|-485.271484
-108.184608|295.933929
387.710693|-118.615463
383.917206|33.557171
-277.437897|-410.119904
-256.695251|167.213425
-152.382034|95.791351
-470.297089|-232.421616
-64.632744|231.642014
-240.660431|-152.406570
317.561829|-68.739975
488.935760|-102.126617
-472.789673|-339.351746
-22.557976|124.465736
-162.749893|448.836060
354.955261|-347.255981
371.427429|15.641856
-267.205475|149.394241
198.924911|-313.961243
423.908203|-286.692078
52.348854|-191.506531
455.175568|-129.193420
-344.064697|-376.442841
108.551086|-344.777618
-177.715988|-242.462570
394.345428|482.047607
39.844082|-362.007233
-112.553864|102.567596
238.865875|-68.549095
307.204926|-369.443542
338.165649|-385.502380
-274.070313|100.076172
242.923843|-185.907593
-66.193451|-368.641724
191.160538|198.631989
-140.074936|-277.733978
-144.579285|76.648689
13.824227|431.673340
-203.029785|-427.379913
-499.265472|-119.194542
-3.806783|-394.965057
-131.577576|327.997498
-480.724213|493.454254
-488.199890|-377.411469
308.744812|-456.629700
377.650604|-4.289233
194.365875|236.169250
-8.959230|-279.010925
3.300565|42.943913
-465.926758|101.321144
-399.796356|128.116745
-32.002453|-299.460114
3.340384|413.350128
-23.196695|430.392487
-95.143105|312.041901
-246.564331|149.345184
-150.406525|-255.122452
-39.038364|-408.355286
-280.135864|-440.551453
233.732132|-88.984024
-120.114029|-1.623421
353.614807|-92.479309
-69.038788|-56.778080
-392.582520|-304.454559
-257.026062|131.524353
-495.560425|445.920135
-61.295528|197.020569
482.401367|457.361420
-3.341123|130.992508
-343.596649|91.518753
152.055923|498.513550
-109.222305|-64.842064
-408.399078|169.110077
489.390381|-468.367126
-419.345490|69.751869
-466.550781|-16.089413
-468.812317|-62.603256
498.136444|-137.621017
-51.855885|214.956619
455.644226|-395.735626
406.308350|-196.883011
-71.162384|-388.369537
-382.006714|-321.353363
37.038288|317.392242
162.991730|-488.422455
411.685089|353.172821
-156.724854|397.533325
-251.952805|-442.048157
-93.036507|74.803070
19.514357|-368.381805
-369.421661|69.079704
-4.064037|-356.935944
3.193850|22.476934
248.981354|265.494934
-363.395844|49.479507
422.369843|-479.212280
90.489243|-382.939331
-264.788513|-457.349243
-498.353027|484.982483
-196.533020|393.608856
-102.990631|-12.466235
-360.222961|-329.588898
272.637085|183.194641
-165.665695|300.524963
358.330627|-38.461811
260.631775|165.867966
-50.591194|-387.603363
-108.936180|-139.039246
432.243195|116.328117
-191.390945|-38.787624
-448.473663|414.916901
389.487793|178.287399
80.077599|-283.633789
-131.287750|297.274963
-293.398346|110.953346
-403.490662|356.213501
204.965210|-228.094193
367.934845|-362.934357
-128.287567|89.963997
447.314636|-109.672226
442.454193|478.237030
-144.826401|311.943787
37.883568|-237.338409
4.653607|-425.681854
-276.815674|171.611908
186.355347|-236.989502
297.663544|-78.814957
-64.806755|-427.039581
-164.732056|-226.878021
-456.253235|330.210266
-292.516937|-254.917419
-405.521667|-87.288139
-113.413971|76.291779
107.841042|-394.758179
393.364716|-91.990166
123.822075|240.159286
-275.669495|120.978821
163.954422|378.078644
-99.138863|247.996033
290.923798|148.385941
92.569717|-205.156570
349.119385|58.699871
-114.291847|-41.460251
-242.823227|245.555176
24.192940|-349.016144
471.527374|-457.189117
-344.218323|-342.186035
-259.384460|331.793427
-298.944733|-448.053223
346.804688|159.436050
-108.373024|-452.077393
-188.278885|288.673553
314.309753|-90.920410
109.716904|463.274567
70.799995|134.234085
-16.628122|36.710323
-367.978119|89.121941
387.838104|199.121826
-27.818871|-392.033875
-89.209641|229.978394
327.489929|-367.834381
-197.057465|-252.101608
-499.576599|186.679626
119.389481|406.615479
-159.088715|229.509155
-488.156097|466.853912
448.569611|-78.446320
-339.142365|-69.709274
264.779785|17.830349
244.727478|-332.221802
-16.161230|284.429626
-154.842941|329.632996
