-124.298615|-38.667999
-272.486572|-409.035492
-162.030792|58.535728
-403.037506|-183.519867
-47.743942|481.018066
482.920502|236.066574
274.026764|163.760040
-30.166143|470.539856
65.207870|-484.068054
483.472107|-33.647293
24.015539|-374.952179
316.191772|-278.017670
-139.577881|-288.081970
-265.079193|-312.256104
271.246399|-496.998932
-415.064087|328.928101
432.622528|210.395889
-393.313049|165.225891
336.331207|-393.283661
-47.437099|-392.483398
84.797836|-491.042725
328.868896|-27.606361
175.513062|-347.817444
-204.903580|-431.684448
440.582916|-129.795639
203.638397|-311.575165
266.685699|117.134674
-336.897583|-141.097198
9.199482|98.822403
484.943726|-132.738373
-139.740189|48.973923
-215.610153|-449.726105
-171.429138|203.096466
40.201614|-388.579468
386.959259|171.216583
-38.283066|227.810043
191.871216|-248.761795
175.622269|-199.661255
-52.101154|14.408733
-165.415344|-244.345764
-451.594940|363.898132
38.252758|266.638550
-271.051636|149.698700
97.578735|-403.438660
323.158447|484.967896
-404.406525|351.067841
175.175293|-142.167374
272.788483|12.371252
137.886246|-60.133343
369.435211|301.781860
-73.212364|-333.919678
324.373138|-103.526810
332.904144|-59.133915
-331.728821|78.965660
51.751358|-151.202347
105.199661|401.062195
366.626251|-52.692081
-132.166473|368.472504
366.884308|-374.819733
336.290894|371.147247
-292.795288|-448.708801
121.311554|128.807327
212.382751|-181.662292
-483.238434|450.053101
-363.642944|-208.388504
-25.654509|-188.866684
288.357147|-89.354225
-24.599138|-287.889069
354.271729|316.318695
-84.099617|266.667389
432.606781|-433.878998
-498.582062|435.763824
497.660126|-113.379280
385.695007|-61.078941
-103.871002|-462.020599
153.460403|276.164459
215.158813|-160.706741
148.870178|381.967194
58.718567|271.535706
138.643112|-317.122406
-176.833298|-20.581968
-424.803497|347.187286
-396.056458|7.855364
-225.364883|-431.858612
235.961517|-418.308807
378.907532|-391.190857
-5.086304|-357.957581
98.146454|-312.932648
475.462280|-104.866592
-472.837341|331.914215
164.809845|-409.967651
-263.226624|-285.173248
419.657715|-476.143646
110.760887|-259.636230
483.902252|-75.606781
294.204865|471.306793
57.556046|84.464706
263.651794|388.406189
-5.995322|-395.996033
28.443769|46.014847
56.991314|-376.715393
104.228775|-470.853760
-218.462234|154.280777
-349.272095|-161.852493
-32.336182|-208.230972
-443.471649|280.931061
234.007431|326.271332
196.011230|-392.261078
-59.736206|-297.350922
-301.116180|109.894714
-109.128784|322.311432
185.064789|-411.823303
400.418304|53.660599
266.660278|-381.649658
52.939056|293.443390
-468.776428|435.530640
-120.503609|485.664368
21.109604|65.570953
132.941376|276.008026
-30.226585|-452.108643
-51.275192|-453.192902
-419.851074|-314.497437
-98.757080|-139.173843
-232.756683|139.035370
411.118591|228.930756
125.291351|-490.917938
-143.820129|68.791199
-203.892273|-131.482437
-306.207336|-496.503906
-97.615730|304.562103
369.598907|-127.671562
378.403687|52.740437
-289.592438|-397.899536
-245.422745|182.312180
-158.942993|109.437927
-451.086121|-226.018097
-70.256699|250.944565
-221.449478|-146.003006
329.016602|-82.745743
496.189514|-93.531181
-455.941040|-328.119324
-19.734652|107.018524
-173.168228|466.200500
373.735352|-354.799286
388.095581|19.359058
-257.178528|165.322159
189.768616|-327.693970
428.819916|-267.046875
47.448296|-171.862091
464.409454|-137.755768
-362.176483|-385.499146
125.283623|-333.379486
-168.865570|-224.254547
414.184937|486.098999
38.063690|-349.332428
-130.695313|106.463463
251.516327|-52.736706
325.946320|-375.275452
356.486176|-392.748444
-281.972260|87.753929
238.951889|-166.050858
-80.427658|-370.916290
177.660538|185.131989
-120.218529|-281.707428
-161.559464|78.944466
30.673992|442.904968
-186.196152|-438.635559
-483.820770|-122.371208
3.690092|-378.690369
-144.173889|338.343475
-497.370422|495.482635
494.907623|-389.561798
289.533844|-463.033630
395.068207|-4.389076
180.046844|250.488281
-4.293580|-292.496338
17.336651|28.573402
-482.775391|90.088516
-404.788727|147.660873
-44.514965|-283.548920
20.174259|424.590454
-39.396683|418.242157
-88.772110|322.898468
-236.743881|162.631866
-142.885696|-236.320999
-26.881535|-393.927612
-287.357697|-429.184814
246.419739|-73.247063
-103.961212|-3.170648
345.263214|-102.642494
-49.182026|-52.806728
-399.459656|-319.889862
-251.014664|146.029358
-498.576294|449.110199
-54.023354|214.026733
497.010712|470.573120
-1.996851|116.640625
-324.346985|97.803696
143.027420|499.739685
-91.106781|-56.159763
-424.599243|156.960159
495.737885|-487.596405
-435.545654|57.601898
-477.783203|0.759606
-477.868622|-44.491058
-498.865570|-136.589081
-58.123684|233.919983
469.144226|-409.235626
395.075928|-213.732056
-75.461082|-394.619781
-367.714386|-335.126648
33.879547|301.025665
146.597031|-482.005280
397.366058|367.491852
-141.884445|392.272491
-245.073578|-438.883148
-96.852676|81.109642
18.794884|-354.509552
-352.400177|78.145943
3.027600|-339.583984
17.518620|8.163887
230.869156|274.551239
-377.072998|43.314842
410.380341|-493.712616
77.354996|-371.534943
-271.115875|-441.820953
-498.737579|476.150879
-216.178223|398.520569
-83.787354|-6.040134
-341.005035|-335.947357
281.954010|185.741287
-146.864243|293.004547
362.302185|-18.605051
261.557648|182.359772
-61.520088|-377.525055
-104.022102|-119.394539
450.354980|107.272018
-201.915909|-48.534065
-460.623993|398.716736
406.816956|167.812439
99.261208|-277.164001
-127.578720|312.668701
-299.612366|130.201202
-384.307892|349.727692
192.841873|-211.877502
386.735565|-370.457428
-145.852692|92.747993
457.757446|-117.787338
434.734924|496.948883
-159.337372|324.579102
49.116196|-254.187454
-11.034925|-416.029114
-270.208069|180.711136
174.212799|-220.794861
308.595428|-86.786087
-47.647858|-424.934998
-155.677719|-208.764999
-445.041595|344.648224
-274.405243|-263.973877
-389.708771|-99.938210
-117.854500|79.619133
108.763626|-379.567963
396.998749|-77.604080
118.910774|220.514084
-263.309875|128.936646
173.010315|396.190430
-104.559296|267.433655
282.470428|131.168518
76.369759|-217.306488
360.596924|42.040760
-118.192062|-58.103767
-233.767334|263.667206
28.969536|-331.377380
485.770538|-469.461884
-325.007172|-348.588226
-252.980728|351.004395
-307.809601|-433.035187
366.449890|154.524750
-124.196587|-464.189728
-206.391083|297.729858
302.734070|-106.541496
97.066833|479.087463
77.203514|115.023254
-22.515755|19.640724
-351.886963|98.540520
405.163361|188.661026
-17.220232|-376.127136
-95.078140|249.243774
346.251953|-374.952576
-187.987473|-233.996414
-494.664886|206.324829
138.387482|400.136658
-174.839890|225.269989
-481.287842|469.269623
435.069611|-64.946320
-352.642365|-56.209278
279.486023|31.696606
251.130997|-313.010834
-1.842321|298.748657
-168.215927|342.929993
