-122.013641|-28.519003
-266.852234|-417.883148
-156.764297|53.637894
-410.462189|-190.944550
-53.512383|489.783966
487.616364|245.458084
273.093964|154.607010
-35.990185|479.276611
69.887314|-474.668488
490.472107|-40.647293
17.623194|-378.092346
322.751282|-286.216949
-149.870956|-286.024841
-275.375397|-310.196777
281.432800|-494.452118
-421.596039|334.254547
442.583771|207.075546
-390.754608|155.042358
326.560089|-390.459137
-53.620537|-400.315216
82.372787|498.272400
321.868896|-20.606361
182.937836|-340.392944
-214.696899|-427.954651
438.635162|-126.664146
204.993774|-305.985901
272.509827|125.871376
-345.096863|-147.656494
0.790887|105.110931
478.644531|-140.215073
-131.395233|44.192173
-224.014999|-446.523895
-174.557083|209.279984
47.613743|-381.142426
377.682953|169.212173
-35.309547|218.294006
197.273315|-257.765411
181.922226|-208.061340
-59.525784|6.984117
-170.025650|-253.770538
-451.733002|359.475861
48.213848|269.959106
-276.666351|142.695541
91.278778|-411.838745
316.858276|493.367981
-414.533997|353.502563
170.479645|-151.558884
273.352142|3.795591
135.339645|-70.319847
359.477997|298.449646
-75.271584|-344.215881
328.888062|-94.049431
342.349060|-59.385937
-341.127899|75.516869
54.298927|-161.388535
100.503906|391.670898
362.537323|-61.277924
-138.285217|373.642639
357.127167|-370.945496
345.682190|366.451385
-292.060272|-457.912842
130.048096|134.631760
207.686676|-172.270996
-478.649628|454.288574
-354.906616|-202.564072
-28.181776|-178.675919
286.106323|-80.373436
-18.265858|-296.222290
344.318085|312.976013
-81.261864|256.769348
425.182098|-441.303680
-497.250336|431.567047
492.753754|-119.747856
381.932983|-66.384842
-95.504105|-455.701508
159.730499|267.743408
210.502960|-151.297256
138.906586|385.280365
68.756416|274.612915
129.906357|-322.946503
-183.408081|-27.059271
-434.831787|350.070465
-406.352661|5.796144
-235.368668|-429.423401
231.265869|-408.917511
369.157776|-387.292999
-7.592205|-366.206787
91.146454|-319.932648
473.887726|-107.729599
-472.892853|339.915741
154.825714|-413.188324
-253.835266|-280.477386
424.370636|-466.769104
100.797928|-262.951233
491.872986|-76.797958
289.509003|480.698090
55.009445|74.278198
257.092285|380.206909
-13.656859|-402.514954
37.890244|41.445110
65.695358|-370.854767
97.228775|-477.853760
-215.798325|152.021240
-352.592651|-171.813736
-34.884304|-198.044785
-438.775787|290.322357
227.448135|318.072052
186.049988|-395.581635
-53.371494|-305.697479
-297.782410|99.942413
-116.320518|314.762329
175.103928|-415.144684
409.158508|59.479355
256.911377|-377.750183
53.897957|293.639648
-474.699799|429.219604
-123.823952|495.625610
30.522533|60.919304
139.235443|267.603607
-40.187572|-448.787689
-61.205978|-449.798126
-414.449707|-323.501648
-101.209488|-149.369843
-231.190872|138.323563
419.854919|223.106323
129.365067|-493.768585
-138.195923|62.925282
-201.832947|-141.778641
-297.471008|-490.679688
-104.794914|297.615387
378.990204|-122.975807
380.972443|42.559566
-282.594849|-404.897919
-250.927994|174.475769
-155.184021|100.685783
-461.047363|-229.338440
-67.356781|240.922287
-231.410706|-149.323395
326.026459|-72.941292
493.131866|-99.189522
-464.677368|-333.943542
-18.099747|116.717422
-167.766129|457.196716
364.018494|-350.846710
379.599335|17.877455
-262.448029|157.056183
193.243881|-321.881714
426.273102|-277.233276
50.050159|-182.034012
457.620026|-134.753586
-352.785187|-380.803284
116.656197|-339.358887
-173.440933|-233.701782
403.906189|483.959839
41.634224|-352.948059
-121.660362|101.649780
244.956818|-60.935719
316.269165|-371.990753
346.793243|-389.009644
-277.045624|95.821449
241.011612|-176.346832
-73.975739|-371.590912
184.660538|192.131989
-130.514511|-279.647491
-153.371887|76.085106
21.937010|437.081207
-194.918289|-432.789764
-489.675201|-118.071976
-1.483148|-385.933472
-135.702408|332.224060
-489.628845|493.764252
-495.999969|-383.261627
299.495087|-459.713074
385.111145|-1.850392
187.471527|243.063599
-1.120606|-284.666046
9.933750|36.013378
-474.039063|95.912842
-402.192780|137.509064
-38.155003|-291.898987
11.461064|418.742004
-30.996700|424.542328
-95.755989|315.904999
-241.677353|156.019791
-146.785385|-246.069901
-33.729042|-400.236176
-286.918091|-437.939514
239.849640|-81.429207
-113.885017|-6.389194
349.317078|-96.491180
-59.478123|-54.865948
-391.724365|-312.827972
-253.962158|137.410141
-498.835480|452.349182
-55.475353|203.744644
490.678314|462.508209
0.642928|126.011475
-334.325348|94.535782
148.990067|-499.556244
-100.732895|-60.322685
-416.199158|163.260117
492.472229|-477.617218
-427.145569|63.901909
-471.958984|-7.976922
-473.172760|-53.882568
-499.302460|-137.799469
-54.907848|224.045563
462.144226|-402.235626
400.900146|-204.995514
-72.608932|-394.073364
-375.139069|-327.701965
39.041512|308.379974
154.824738|-484.654877
404.790741|360.067169
-148.777542|391.903717
-253.456085|-439.849426
-101.087662|76.961304
22.202988|-359.037994
-361.930756|74.305367
-0.405781|-347.898254
10.089955|15.584460
240.260666|269.855377
-369.648315|50.739471
416.800690|-485.405304
85.140999|-375.199280
-271.160461|-451.628265
-498.690338|484.666534
-205.991821|395.973755
-93.747894|-9.362418
-350.981964|-332.675873
282.133820|185.376648
-156.613144|296.904022
360.242859|-28.901148
265.195282|173.630539
-55.160885|-380.442627
-106.569420|-129.580856
440.963684|111.967773
-195.624161|-42.408184
-454.323822|407.116821
397.808075|173.205917
89.307350|-280.495880
-135.277328|305.659210
-296.291443|120.240173
-394.268341|353.050201
199.125519|-220.289444
376.986938|-366.556763
-137.606400|89.416000
454.765442|-114.768715
438.833191|487.289581
-150.819580|318.459106
43.291870|-245.450912
-4.596010|-422.598389
-271.980530|176.184387
180.487823|-229.213348
306.191956|-78.746521
-57.609047|-421.614441
-160.372604|-218.156937
-452.239258|339.025269
-283.796448|-259.277802
-397.908051|-93.378914
-121.387306|75.877136
102.401054|-386.842987
393.227051|-83.239471
121.457375|230.700485
-269.455048|123.425888
168.314667|386.799133
-102.040886|257.303802
288.338318|139.865784
84.769737|-211.006531
354.527588|50.587368
-118.231018|-48.463398
-238.462982|254.275864
26.224367|-339.482330
480.185699|-460.577972
-334.968414|-345.268494
-256.301086|341.043152
-306.712219|-442.230469
356.263489|157.071350
-115.797249|-457.888855
-196.999573|293.033997
308.718201|-98.903816
103.626129|470.888184
73.883171|124.984390
-17.820000|29.032207
-360.990143|94.329544
396.143188|194.017120
-24.209877|-382.982574
-92.010239|239.279633
336.491486|-371.325745
-192.694458|-243.382263
-497.211700|196.138428
128.391251|403.203156
-168.020493|229.250153
-486.823242|472.680420
442.069611|-71.946320
-345.642365|-63.209278
272.056274|24.277088
247.810654|-322.972076
-9.266944|291.323975
-161.218033|335.933777
