-405.971069|-48.418655
-46.084408|-172.134888
-488.937897|13.552956
-148.865524|64.321823
-34.497074|243.959549
291.820557|83.608986
499.365387|372.870911
140.797318|208.278763
21.346336|189.342468
260.766266|205.519119
290.097778|-231.232239
182.067657|-93.941124
-192.158020|-497.430725
67.995705|-404.476715
-69.366653|444.153442
-208.633453|82.498520
93.315933|319.607208
443.786407|422.471008
288.100281|449.423370
23.036850|-381.052307
124.701981|-199.010498
-479.378937|-113.378616
-35.155689|-351.674622
-181.634354|293.043701
252.692642|-299.064880
486.399872|-121.850838
190.145386|-113.405701
-56.208935|63.634045
288.440338|-120.528137
-325.965973|117.606842
-453.143951|-53.278076
-48.373993|266.465912
-94.051399|-143.360794
141.388062|435.573120
88.973793|279.706146
82.804932|441.134888
48.147038|49.041924
-26.421591|86.250961
84.389198|256.857269
-11.727806|-185.331726
467.621246|-359.348602
-251.304214|149.844482
-93.728912|351.597900
310.042511|-125.532913
489.099731|244.451019
-424.798584|248.004425
339.907715|145.630524
109.844528|-267.569122
241.785034|280.476746
-355.946716|458.380585
-66.579948|-0.423483
277.118866|-310.510223
59.765598|31.419998
-321.990662|-149.555573
-24.160408|194.094086
265.722443|-283.397583
321.474854|277.394989
39.924477|180.990036
-327.313904|-386.304779
13.428478|-473.392517
-426.411835|-333.494934
-149.024002|-6.254908
378.994446|-494.975159
-220.654984|367.407288
369.841431|-395.457092
220.252686|-244.398087
30.418118|-263.923706
91.378738|-2.090021
-369.620575|477.609131
-21.057627|-411.536072
-355.142578|-171.564835
-241.946777|380.238403
-236.616684|8.448197
-409.445953|34.324333
-53.948215|222.263855
-16.448378|-433.388611
393.734985|-458.053070
489.750275|276.731934
45.834961|16.110886
401.026947|-123.713913
58.002754|200.394135
-330.960571|-420.513367
-73.408203|52.335617
-346.876770|305.568848
377.697113|263.676544
-333.440399|-469.872711
-140.393738|-56.671867
315.010437|-77.427277
-415.503815|160.181488
348.292999|35.235424
64.766319|-183.561188
420.816254|-440.440247
129.547836|-454.922638
392.121826|-199.795700
275.876984|122.326904
437.898010|154.043182
161.137451|383.497803
211.291122|-369.008423
106.240227|463.690277
-174.302811|181.581604
13.819473|-493.751923
343.792023|-237.822769
64.184265|348.463043
-222.648926|120.221428
111.297455|-466.884430
-435.052765|34.593361
454.516388|-398.596161
491.173309|-257.197845
-279.413910|-36.293831
-462.394775|85.761040
10.792108|-408.900482
-475.853668|-297.288635
148.046463|-79.052048
-427.345306|-473.529449
321.401978|135.736359
-172.571579|-488.988342
23.189945|169.043915
-218.441681|224.324219
-52.591766|-443.349091
310.991974|430.670105
163.992676|323.442993
394.025116|-4.459051
53.983826|-147.524689
28.575504|292.038513
121.154037|429.566559
-105.331161|-434.507477
-424.072388|141.516296
-272.720245|211.045166
485.264404|369.104279
12.956126|331.991211
179.556854|-252.158051
289.468719|401.701538
-444.107269|-178.629257
-15.225886|417.414337
-281.608246|399.435333
-107.423477|-111.466255
34.766628|-497.339172
-238.901566|166.857086
-419.373657|-250.080887
-339.672577|140.080994
-194.126129|-113.321159
-20.045605|-165.750961
-348.726624|-227.871170
-433.113800|-235.790375
368.421173|134.197327
-22.903980|393.197144
-48.538105|440.918610
492.451050|64.921783
-74.081703|151.461349
418.774323|-412.153564
-491.621124|484.243317
337.466278|-409.960968
-239.070633|28.946301
-267.182587|-428.886993
220.523041|-135.140350
-360.878906|354.318359
416.661591|154.407013
233.721466|-172.585526
-464.019958|420.122437
-330.875153|-171.161697
162.136948|43.361839
-329.591278|-260.742218
-59.684258|-57.687744
119.857391|-392.777313
-444.637421|139.663391
325.537628|-393.022919
-13.050944|338.664215
-222.382645|-29.035034
268.001282|-398.289368
-348.657959|-484.388763
248.749161|-405.911102
246.725342|-469.290985
-24.332764|436.788086
-357.092377|-19.700985
-68.276779|-499.601410
260.453430|-374.141907
247.289948|-157.936234
307.244110|98.316498
381.702515|336.035675
-242.565720|-25.700474
121.416740|216.788544
-309.444397|248.204605
142.027359|-438.816528
37.134506|362.229065
0.488898|-0.295532
-144.135925|474.911987
-234.764984|-161.611008
424.098083|-314.586060
152.257721|124.216568
-425.973877|-311.632050
274.021851|-102.009918
354.100342|465.630646
23.435347|312.441833
-409.500854|-378.117859
160.177292|105.039230
-190.277527|-476.059143
239.930878|234.286407
-33.918354|220.836151
-7.175005|-493.609772
239.766479|83.692528
296.339874|12.101257
408.918365|292.169189
299.586731|-35.566086
475.601105|259.288116
317.022186|0.864696
-248.758896|-231.752609
182.733383|447.922211
-355.999756|392.561646
205.034927|-485.271484
-384.585205|499.374878
-111.563072|407.773834
-94.335930|53.315468
-29.961143|-226.664413
186.537918|-391.333679
-53.030052|-286.260895
-489.090363|355.684570
218.522888|180.075348
-212.536377|-452.234619
-426.839935|-149.167084
147.330841|-21.727484
252.437820|-179.438202
-15.733942|315.758545
416.301392|-209.311234
191.251175|-412.144104
-65.391083|-180.646027
-184.076141|-198.644135
388.938812|288.320221
442.483917|480.263031
251.819244|101.773827
-244.880386|-53.064510
-451.498047|296.807007
80.604698|411.204163
414.607788|230.528259
16.782909|357.791168
-260.596313|-268.576416
-15.308861|230.462479
-338.313263|68.341835
-392.884949|-271.121307
325.609131|115.867516
-389.342407|-24.919758
422.476532|-271.051239
-332.663666|-449.357697
-440.741302|342.494843
-98.259254|252.923599
-7.807845|76.293037
-327.780273|-490.069031
-461.905151|150.199509
251.995621|-354.830811
193.301743|-359.883759
-444.910736|246.648285
221.332657|445.332642
-280.445923|-273.301575
-489.456787|392.665894
-27.762497|38.090416
312.709595|-19.065584
268.405640|469.297791
25.064056|-62.380379
-350.340088|-413.040436
29.682392|-400.311951
-103.377945|-303.614075
-136.683731|317.867737
352.144775|-168.222229
-313.434998|-279.488983
-123.875671|-13.962628
-327.990662|-24.555861
334.540161|-291.132080
-48.529552|-466.432617
294.981171|-156.237885
-136.487030|-332.670685
-449.279266|-203.762650
-328.177399|-219.085632
-75.994247|253.226410
91.559647|20.715693
-197.366302|-336.705872
-85.289680|-312.275360
-137.362869|-306.043396
-468.257202|-211.686951
-345.059082|92.606483
-71.074417|233.899780
-376.777588|458.225006
221.133133|-300.653839
-84.323624|-344.312042
191.254318|-176.330093
-142.800720|-184.105972
-164.671127|281.043091
-285.907990|181.351761
157.797256|-146.327759
77.936279|42.360622
-353.612488|-433.771118
-258.582397|-38.498913
-429.437805|-453.227966
359.320313|-442.172516
-390.170441|322.333954
-312.006531|-453.040833
301.009491|130.489304
410.410736|181.945831
-465.274872|269.358398
384.270294|-111.736176
295.347961|259.682312
-396.482269|-484.855133
