-270.202789|-80.156334
-154.075409|-280.127777
-347.997437|82.973221
-258.817322|-47.972187
67.978600|322.917572
381.227600|84.728600
415.773468|280.964661
82.607094|308.790344
11.849181|340.795837
367.441223|99.345535
138.476776|-273.859955
238.651276|-201.211075
-196.222687|-423.219727
-76.445488|-358.668854
78.566353|453.007813
-286.424591|205.437714
247.003311|268.375763
-480.683502|321.741852
427.577637|-478.422729
-90.919945|-322.716614
90.187256|-352.650787
429.623810|-18.338415
68.112282|-375.031464
-124.876137|419.616791
320.401245|-254.425995
356.964844|-218.494415
155.622894|-49.494324
-180.527557|-16.002048
169.053101|-19.561079
-402.830566|-14.583972
-318.352997|36.580708
-114.752693|402.100037
-127.068939|12.689240
117.101227|-479.736176
242.661118|228.476486
14.164555|298.805359
125.195564|-87.473534
69.819901|-43.578979
-30.161758|142.304749
-135.739151|-157.114182
-499.076385|-456.708405
-107.473259|203.882248
-120.126869|260.970551
218.962433|-253.156403
396.125183|352.470825
-271.065704|295.973724
268.572174|31.182041
189.549301|-137.305893
186.453552|134.137817
-443.208832|365.846375
-91.501923|-157.279388
260.360535|-216.746445
176.414291|-45.154682
-334.694977|0.965014
10.269028|42.140041
193.842865|-428.545807
360.768555|120.233284
-15.017258|320.348114
-477.091309|-415.654205
157.184860|460.707245
-309.020813|-314.498840
-18.232759|76.688766
307.149261|-350.129791
-322.233429|471.470551
472.803589|-309.712738
70.685371|-297.018311
173.675629|-191.417572
-5.820407|-131.690430
-457.024139|380.512054
-46.560143|455.774017
-425.873932|-296.080200
-342.683685|469.598907
-337.803406|-60.090649
468.470886|15.050920
-108.513908|369.225769
29.929182|431.078430
306.046875|-328.950897
337.946808|322.751221
44.968418|135.091599
277.568878|-206.096375
-43.337891|112.909172
-366.872864|475.561462
-228.642746|17.279179
-344.687225|427.218658
307.495941|405.587524
-464.807587|-431.903259
-65.685684|-192.821136
231.646454|-179.432663
-443.241852|69.488258
436.834686|152.839127
169.035034|-302.818665
-442.388397|-373.907806
256.235199|-472.815674
278.236877|-227.257858
376.002380|20.111931
383.761658|292.201355
110.494614|271.817322
292.556946|-484.230072
37.920254|-428.227448
-60.584225|100.795563
34.745613|-448.206665
237.233978|-339.714386
-66.724594|276.703857
-284.802032|25.880167
69.756203|-317.132477
-464.064880|125.952873
358.973480|482.744812
337.485565|-308.429291
-175.756790|-153.188629
-396.720947|161.007065
0.009542|466.230133
369.434326|-346.982635
282.838165|10.809171
450.619324|-458.664551
177.102783|206.096909
-291.257172|487.426270
-33.402973|311.176636
-97.931885|139.154236
8.840646|428.262054
157.979218|482.974060
125.015541|471.172150
477.371796|-143.372742
-49.160336|-53.458397
-74.695740|257.283051
244.504044|340.007935
14.529401|-450.533905
-333.922089|98.622467
-249.179565|61.232887
-471.693878|399.502197
-50.278133|435.618164
221.312988|-224.204346
328.762421|244.539917
-398.313202|-274.445190
-105.945343|296.888611
-221.004745|259.151428
-261.110992|-162.694412
-21.638611|409.973694
-237.208694|43.896152
467.607300|-193.652695
-394.039490|8.255558
-325.405304|-201.712616
-65.310272|-65.930840
-265.009857|-362.964844
478.183350|-289.458221
416.129456|82.943748
-107.473778|276.368652
65.667839|-460.599609
450.704620|-90.585960
2.384974|22.626595
492.653290|-304.672272
-475.794495|-456.478790
273.671295|-291.542450
-110.974663|-68.053108
-424.628510|-460.066498
91.810120|-191.751846
-254.937271|250.169647
327.840637|46.240784
298.537415|-293.463104
448.582642|-479.372345
-279.673706|-50.814995
195.495911|-111.604675
-214.416534|-313.007904
48.171570|50.348110
-38.996674|-361.004852
-354.794861|125.949036
192.267258|-456.322235
-103.656685|419.645996
-317.568848|-57.926910
123.410858|-325.339355
-299.129822|416.051453
346.315308|-496.340454
367.926819|-493.265656
123.460258|491.746857
489.038757|32.232498
34.154659|379.895538
122.156944|-293.383606
158.216965|-79.084404
400.576660|70.709625
-492.980835|304.760406
-139.491226|-137.515396
94.533363|334.762268
-190.414398|293.144470
35.229996|454.124237
-87.745338|276.307465
-91.259422|-74.772018
-95.714027|-403.815369
-308.443237|-294.427094
343.705933|-182.091156
79.408226|48.879936
471.011871|-213.917313
146.947357|-16.900461
469.625916|-420.808899
-100.097702|257.092560
-366.696472|496.101807
52.258125|190.330460
-334.912933|488.008118
142.731537|104.685387
-159.446182|164.565445
14.910222|-470.945953
91.777565|21.015133
422.616241|63.455578
427.254364|379.359253
409.529633|-14.251636
413.231476|148.098999
420.470825|3.741236
-338.618530|-96.960251
55.811703|349.966583
-455.487640|-496.000000
305.812927|-378.490936
-248.464859|-428.841614
-226.115082|-476.725952
26.835920|144.306152
64.688118|-354.943848
256.161560|496.347900
-78.561562|-416.960754
-365.015747|425.618927
68.110603|119.908951
-73.281548|-379.111572
-354.512726|-4.209638
87.102440|-172.114182
145.399139|-95.716461
75.245758|342.558167
-468.240601|-94.892952
276.830811|-496.302551
-45.036171|-324.210052
-291.170074|-305.474243
408.435333|388.478546
-406.463135|451.883636
99.666481|50.608116
-258.841583|-205.423904
390.587585|257.513123
11.382578|277.945343
399.723419|94.547424
125.405014|324.634003
-110.030304|-316.866821
-54.599426|73.300247
-443.900208|48.475952
-333.576782|-181.156052
422.911316|241.252808
479.438873|59.463055
276.897186|-247.821747
-258.649933|455.279358
-389.509857|188.807098
-239.020569|305.066315
88.511612|-53.336143
-455.464691|-454.819550
-333.620392|125.923271
359.108521|-247.450134
277.150970|-471.693146
-291.230469|297.892151
146.470642|-422.248932
-128.575546|-324.977386
-387.456818|309.565887
78.905136|-71.899841
279.381653|-88.537254
137.442307|-478.437836
-66.160141|-41.369770
-386.817566|481.603546
-113.579941|-339.015015
-231.634415|-205.055313
-52.652214|182.523590
230.216370|-270.528900
-442.276184|-197.752991
2.644876|79.545357
-312.911438|99.827995
253.408569|-423.732391
-5.865635|383.347015
208.694977|-35.416008
-4.133302|-243.485718
467.870667|-67.216064
-258.650055|-97.735046
-134.413406|396.215210
62.438499|-138.091782
-347.777924|-396.869202
-233.446640|-255.251221
-189.657043|-458.220245
-339.009033|-297.072632
-443.723175|127.419525
-127.956871|377.047760
-380.129395|368.136322
258.775635|-236.882385
17.534792|-429.817841
138.594818|-71.709534
-89.184898|-95.478966
-261.645905|151.291351
-431.930359|165.209702
104.720573|-281.825714
31.801455|195.402649
-496.424286|-452.997223
-154.997467|-151.246033
-451.014313|400.021606
291.616089|419.209412
-258.998108|313.151581
-312.255066|489.282593
310.818756|33.716011
-485.500000|76.809891
421.554901|166.900986
259.405457|-195.981033
167.701904|224.935059
-303.925415|395.472107
