-137.639572|-78.462662
-257.769806|-380.518158
-202.330399|66.825203
-373.338776|-153.821136
-24.398003|446.163239
464.137054|198.500534
303.228058|190.710403
-6.869953|435.592804
48.602661|477.816772
455.472076|-5.647361
39.983639|-341.365906
289.953735|-245.220825
-106.082146|-298.083435
-223.894394|-320.493408
230.500793|491.975830
-382.578766|323.802948
392.777557|223.677261
-405.368408|204.695328
373.609650|-405.256165
-42.267502|-369.244568
85.998047|-452.784180
355.685791|-32.042709
145.047531|-375.957947
-171.139511|-454.474823
421.024445|-154.488876
237.238739|-286.374481
243.389389|82.187752
-304.100464|-114.860008
42.800636|73.623924
-496.971344|-99.562057
-179.942368|58.187908
-192.569473|-465.945679
-161.244247|162.350418
10.118326|-411.190155
392.791260|178.434174
-32.570786|267.668427
170.262817|-212.747513
150.422516|-166.060944
-22.401625|44.106209
-146.591705|-206.861969
-467.607117|389.861298
-1.591676|253.356323
-250.114105|183.794098
122.778694|-369.838409
348.359131|451.367554
-366.441589|336.432953
193.957886|-104.601334
260.480255|-12.514636
148.072647|-19.387310
409.265381|315.106842
-67.486801|-292.766388
313.952759|-116.743973
295.338837|-40.351006
-303.662170|103.444748
41.560890|-110.457329
123.982681|438.627380
356.512482|-11.927993
-101.448792|344.965942
405.862976|-390.417511
298.725708|389.930695
-279.862518|-409.726440
85.927139|106.476334
231.617325|-217.630310
-464.506592|465.428650
-398.588257|-231.686234
-15.620738|-229.623093
265.581390|-114.472878
-45.197201|-257.018158
394.093964|329.658630
-77.874748|306.641479
462.337921|-404.213318
-484.168671|458.022552
-476.117981|-90.169373
375.591095|-20.388998
-137.465225|-487.195007
128.275818|309.769257
234.139572|-196.592590
188.728256|368.726135
18.582340|259.170654
173.590027|-293.825653
-148.833298|7.418030
-429.688873|374.579651
-354.871643|16.092241
-238.305679|-460.213165
254.732971|-455.879700
417.906433|-406.782074
-14.651527|-328.766907
126.146454|-284.932648
497.070679|-68.851883
-491.620789|294.349030
204.598572|-396.759766
-300.848145|-303.134460
387.264435|-485.610840
150.609665|-246.366730
450.301910|-50.406837
312.988312|433.741608
72.555458|122.034431
289.889832|421.203308
-3.958827|-367.268188
31.884647|19.816250
44.028736|-402.980774
131.733978|-445.214386
-196.749680|186.778641
-335.989990|-122.007561
-22.145390|-248.975952
-462.255096|243.365585
260.244751|359.068451
235.856201|-378.978851
-83.136276|-266.441986
-314.315704|149.735077
-83.284164|354.178131
224.907578|-398.536102
373.640167|73.711143
305.655884|-397.247559
35.494434|276.737762
-446.111298|457.160187
-107.222237|445.819397
-10.853813|68.829590
107.762527|309.624023
9.617260|-465.392853
-11.454530|-466.522766
-439.946747|-278.814636
-88.729713|-98.410713
-203.964554|167.028900
376.173279|252.228485
91.023132|-473.317688
-184.606140|77.983353
-212.132507|-90.298775
-341.152649|479.213348
-75.622826|334.698608
332.033173|-146.453430
366.846893|92.485855
-300.223755|-375.664551
-221.761551|217.009460
-177.725449|147.004028
-411.241150|-212.736725
-63.381161|291.440430
-208.823441|-111.083061
334.273773|-114.501534
-479.073120|-69.791420
-434.287750|-298.821320
-32.682365|67.344902
-194.776627|-497.228638
412.639221|-370.480652
399.348450|53.273613
-236.764038|199.481247
164.568680|-361.294250
439.007172|-226.301270
37.145195|-131.166443
459.687042|-159.409897
-399.741669|-404.282593
160.290482|-310.211487
-149.864120|-186.809265
423.497742|-494.544556
40.222385|-318.844421
-169.036423|118.045197
277.804749|-24.000916
365.534790|-385.492371
393.898712|-407.288849
-292.159515|47.007900
223.442093|-143.493393
-115.310509|-365.494293
149.660538|157.131989
-87.320793|-288.520630
-202.684906|87.408180
65.616982|466.207031
-152.355698|-462.165497
-458.382355|-100.923836
35.356960|-384.282867
-176.040970|365.332123
471.514221|-498.668396
474.370575|-421.266876
249.688889|-476.315826
434.913177|-17.670631
150.348114|280.187012
-15.447107|-284.193481
45.714764|4.970567
481.483307|66.791847
-416.363495|187.428329
-65.606186|-253.734283
54.997925|447.958221
-72.996597|393.041473
-63.111511|350.883179
-215.512650|196.662933
-127.286957|-197.325394
-14.589808|-385.176086
-276.720306|-389.976685
271.491211|-45.932159
-63.951279|7.192745
364.774780|-130.942627
-7.997635|-44.569851
-432.610840|-329.658630
-229.601898|179.917786
499.000000|471.364594
-49.766083|254.692139
-478.286194|480.919861
31.127504|91.118393
-298.830688|123.263504
108.046585|-485.740234
-52.110924|-40.560974
-458.199585|131.760330
492.553558|479.567535
-469.145996|32.401855
498.158905|35.705700
-496.652069|-6.925089
-478.074249|-110.862190
-52.305756|274.022308
491.885193|-432.975525
371.779053|-248.678223
-110.994301|-385.815247
-338.015656|-364.825378
3.134913|277.330505
112.021866|-464.745697
367.667328|397.190582
-128.603073|432.117462
-258.241180|-464.531219
-57.857296|96.709633
23.216185|-329.534882
-324.746948|103.025459
22.081476|-308.901123
47.915627|-15.077346
193.303116|293.334686
-406.771729|13.616329
403.962555|-498.762054
44.713013|-366.477875
-261.128510|-403.222900
472.211853|479.945038
-256.923828|408.707825
-44.440498|2.162860
-302.783844|-352.787170
269.138641|205.153427
-107.745720|277.749634
370.598297|22.567165
237.305557|212.733429
-94.236977|-373.753967
-93.833130|-78.649132
486.828888|87.134872
-229.915909|-76.534065
-481.449524|367.810791
441.713135|147.917435
139.110336|-263.941132
-146.749359|343.378784
-312.896179|170.045273
-346.032684|336.290344
167.664032|-178.266296
425.730072|-386.059631
-186.975388|101.213623
441.248627|-149.918381
408.892181|-478.442566
-192.013351|350.915802
72.413498|-289.132813
-34.174267|-392.028778
-297.930237|208.406784
149.159866|-187.270645
285.842773|-112.283188
-7.642314|-436.735199
-136.897354|-171.197662
-449.715332|378.918823
-240.354538|-286.116821
-356.877319|-126.131378
-78.962624|95.289513
142.140793|-354.302063
430.599304|-102.803635
108.724373|179.768478
-236.015976|159.920074
191.792908|433.755615
-88.781807|289.093262
259.229736|96.242859
42.769844|-242.506317
388.453156|35.993874
-131.483994|-97.945007
-214.984741|301.232391
37.513641|-290.262787
-476.136383|-461.609772
-285.128387|-361.765045
-239.699356|390.849365
-296.557648|-395.849854
407.195496|144.338348
-157.795212|-489.391663
-243.957123|316.513306
280.721588|-131.410294
70.829651|-487.335144
86.774925|77.363274
-41.376591|-17.884411
-319.922150|122.925598
432.766174|166.963531
-8.602528|-348.469940
-74.962914|273.984222
385.178986|-388.524597
-168.319290|-197.022064
-484.477631|247.070435
177.777588|386.589203
-200.039719|258.870331
-455.336609|483.460724
407.069611|-36.946320
-380.642365|-28.209280
308.301086|57.630093
264.412903|-273.165863
26.164482|295.455200
-196.208740|370.907684
