-125.742401|-42.928825
-274.957184|-405.278076
-166.455063|59.053841
-399.855499|-180.337860
-45.206425|477.309357
480.907990|232.041641
277.766327|166.263123
-27.670130|466.795532
63.252449|-488.120941
480.472107|-30.647295
26.860168|-372.375763
313.380554|-274.503693
-135.174438|-289.000549
-260.666534|-313.138672
266.880798|-498.090424
-412.196716|328.638428
428.353424|211.818893
-394.408142|169.590622
340.364441|-394.558960
-44.255615|-390.270050
84.009514|-486.699951
331.868896|-30.606361
172.331055|-350.999451
-200.807861|-433.543182
437.854218|-132.627609
207.238434|-308.875092
264.189941|113.390182
-333.383606|-138.286072
12.799554|96.122505
488.613739|-130.615417
-144.074783|49.556019
-212.222290|-450.788422
-170.337738|198.730865
36.705490|-391.367767
391.023651|170.540512
-37.892727|232.241898
189.556030|-244.903122
172.922287|-196.061218
-48.919170|17.590710
-163.438354|-240.303543
-449.469177|363.020294
33.983723|265.215454
-268.722992|153.032166
100.278717|-399.838623
325.858521|481.367859
-400.135010|349.789276
177.187714|-138.142441
274.457336|16.137197
138.977646|-55.767696
373.702942|303.209015
-72.329842|-329.507019
322.045044|-106.192223
328.879303|-57.121449
-327.670746|80.197174
50.659256|-146.836899
107.212128|405.087036
365.539673|-48.325233
-129.166473|365.472504
371.066589|-376.473572
332.266052|373.159760
-292.197144|-444.252380
117.567322|126.311172
214.395401|-185.687134
-481.833984|450.431183
-367.387085|-210.884689
-24.571430|-193.232910
288.022217|-92.528893
-27.176538|-284.200562
358.541168|317.740509
-83.538475|271.131470
435.788788|-430.696991
-498.342133|434.924408
-498.379272|-111.717018
384.592651|-56.717968
-107.448822|-464.748840
150.781570|279.779694
217.164352|-164.730225
153.140289|380.547302
54.429176|270.175781
142.387436|-314.626312
-173.833298|-17.581968
-420.737427|347.685455
-391.643799|8.737886
-220.900482|-432.352356
237.973938|-422.333649
383.085999|-392.861298
-2.895021|-359.496765
101.146454|-309.932648
477.777466|-101.007874
-474.849854|327.889374
169.065155|-408.614227
-267.251587|-287.185638
416.624664|-479.380402
115.030563|-258.214996
480.302216|-72.906799
296.217377|467.281952
58.647457|88.830353
266.463013|391.920166
-5.961511|-394.467987
24.354156|45.671780
53.796516|-379.849457
107.228775|-467.853760
-217.362915|158.101929
-347.848999|-157.583389
-31.244118|-212.596481
-445.484161|276.906219
236.818558|329.785309
200.280334|-390.837982
-62.305511|-293.656494
-302.502747|114.174469
-106.389374|325.815826
189.333344|-410.398743
396.441528|51.586235
270.838379|-383.320862
49.919113|292.944885
-465.872498|438.059723
-119.080605|481.395264
17.510668|65.467484
130.243591|279.609711
-25.957581|-453.531921
-47.019684|-454.653717
-422.145447|-310.626373
-97.659332|-134.811722
-229.646835|141.089249
407.374451|231.426941
121.258232|-488.921967
-148.261597|69.403130
-204.774841|-127.069862
-309.951477|-499.000000
-95.369286|308.072052
365.574066|-129.683990
376.619995|56.803432
-292.558502|-394.916260
-242.828293|185.988266
-160.955414|113.462860
-446.817017|-224.595093
-69.656380|255.394272
-217.185226|-144.565750
329.031769|-86.401176
498.485870|-91.841194
-452.196899|-325.623230
-20.823811|102.920387
-175.483414|470.059265
377.889008|-356.473145
390.795410|22.959164
-256.161530|169.056946
187.068634|-331.294006
429.911407|-262.681274
46.389549|-167.488434
468.837616|-137.663376
-366.201324|-387.511658
129.068390|-330.961060
-166.872253|-220.220123
418.264587|487.957916
35.903225|-346.345215
-135.126480|107.186729
254.327545|-49.222843
330.049988|-376.361450
360.652069|-394.184723
-283.063751|83.388283
238.049393|-161.642319
-80.008171|-371.977753
174.660538|182.131989
-115.805962|-282.590179
-166.005096|79.629814
34.418530|445.400635
-182.514816|-441.223145
-481.249603|-122.605476
6.734004|-376.775299
-147.776367|341.036926
498.573975|497.518951
491.307587|-392.261871
285.264740|-464.456726
399.337311|-5.812100
176.864838|253.670288
-7.742613|-292.418823
20.514946|25.388063
-486.519531|87.592377
-405.869080|152.018219
-47.089127|-279.857880
23.845009|427.182251
-42.996674|415.542084
-85.923965|325.885193
-236.094635|166.568283
-141.214401|-232.142899
-25.460279|-391.282379
-286.369812|-424.849304
249.206070|-69.720238
-99.691353|-1.750584
341.872803|-104.755257
-44.769413|-51.924206
-403.774597|-321.059143
-248.583832|149.604980
498.424530|452.684174
-53.562210|218.485657
-498.846527|473.563782
1.210882|113.697540
-320.072296|99.209648
139.029495|-499.260834
-86.928635|-54.488514
-428.199280|154.260178
497.110474|-491.881927
-439.145691|54.901894
-480.279297|4.503833
-479.881134|-40.466125
498.997253|-132.787018
-57.485844|238.354675
472.144226|-412.235626
392.579834|-217.476288
-77.520760|-392.449982
-364.532379|-338.308655
30.138311|298.525024
143.030930|-479.431793
394.184052|370.673859
-140.461441|396.541595
-240.656296|-438.690735
-92.674583|82.781044
16.384836|-354.197266
-348.539642|80.319450
4.274257|-337.699799
20.705353|4.986671
226.844223|276.563751
-380.255005|40.132858
407.459198|-497.135071
72.907997|-371.797211
-269.908478|-437.651123
497.894836|476.589264
-220.543823|399.612061
-79.518433|-4.616661
-336.747681|-337.404114
279.164459|187.220978
-142.686142|291.333344
363.184753|-14.192438
258.935791|185.926697
-61.010151|-380.083923
-102.930489|-115.028938
454.379822|105.259552
-204.915909|-51.534065
-463.324066|395.116699
410.678772|165.502335
103.540710|-275.785553
-125.011909|316.136749
-301.035614|134.470215
-380.047821|348.278259
190.142929|-208.277191
390.913483|-372.129211
-150.292267|93.471664
455.371490|-121.431870
431.018616|499.000000
-162.918854|327.303497
51.612335|-257.931641
-14.910864|-413.944458
-272.930237|183.406784
171.499878|-217.204651
308.397644|-88.631500
-43.378777|-426.358093
-153.665573|-204.739883
-440.636108|345.532043
-270.389465|-266.004395
-386.194794|-102.749336
-113.699562|81.345856
112.277557|-376.756744
400.598999|-80.303787
117.819374|216.148483
-259.935760|131.901306
175.022736|400.215271
-104.522705|271.484314
279.720490|127.613564
72.769768|-220.006470
364.563538|40.069218
-119.616417|-62.372398
-231.754913|267.692047
29.852766|-326.964874
488.525787|-472.977570
-320.738068|-350.011139
-251.557724|355.273499
-306.866516|-428.812073
370.815491|153.433350
-127.796394|-466.889984
-210.416016|299.742371
302.047119|-107.665039
94.255707|482.601440
78.626518|110.754196
-24.528221|15.615802
-348.114044|100.421577
408.974854|186.302078
-13.620877|-376.349121
-94.291588|253.654312
350.522919|-376.286774
-185.960434|-229.978806
-493.573395|210.690430
142.661087|398.727844
-177.539871|228.870026
-478.056366|470.795624
432.069611|-61.946320
-355.642365|-53.209278
282.808868|34.723309
252.554001|-308.741730
1.339709|301.930603
-171.215546|345.929169
