-195.229233|-98.771904
-206.266113|-329.336884
-277.342499|87.376709
-313.419250|-102.618240
21.220051|379.407135
427.911835|126.051750
352.601410|238.336212
38.057529|368.194763
23.875090|404.409149
415.907837|47.366920
65.180435|-298.256714
264.901428|-207.269485
-149.607559|-362.036926
-149.523727|-340.958435
153.509674|471.745087
-328.804962|266.621674
316.994934|245.470444
-461.873047|246.817001
430.094513|-435.382660
-46.205990|-350.897858
110.735062|-378.835876
401.612183|-18.716093
118.282204|-397.870209
-159.149841|487.243591
368.255737|-208.259293
302.020416|-237.748962
198.464767|14.787563
-240.849258|-64.259727
107.395935|26.443045
-430.589691|-68.623650
-254.078522|79.431107
-149.612762|469.311523
-145.804642|87.632828
50.080765|-454.852966
315.947388|204.048248
-8.568870|255.031296
128.589478|-143.291397
101.823235|-101.260239
-10.449722|102.113159
-84.621895|-211.193893
-483.493225|467.713196
-36.958752|225.942581
-184.725479|224.457184
171.940338|-314.445953
349.773926|414.271454
-292.747009|317.665405
233.872452|-37.559139
225.070847|-75.215706
167.717850|59.194283
485.998871|338.087585
-66.387558|-221.458481
311.560059|-178.277359
233.695724|-57.648830
-300.276154|70.083092
21.912073|-31.876663
162.112991|-491.456390
379.505829|45.289688
-66.532204|348.409119
469.824860|-410.458527
226.277878|426.155914
-264.413849|-355.938019
41.969791|118.126984
272.502930|-282.619171
-395.955109|456.142639
-464.054688|-277.660065
16.358191|-284.411987
230.679474|-166.095535
-52.170464|-193.491058
470.779907|352.550293
-61.397575|380.380280
-479.159210|-347.990753
-416.579529|457.203918
-411.047852|-63.383366
425.794525|13.775944
-132.670700|442.601105
79.688583|374.567261
271.111481|-261.474091
265.658356|343.449280
25.453741|198.795609
240.987473|-248.896423
-94.833290|61.418030
-435.916260|448.290710
-296.029053|-1.295065
-289.098175|479.983856
272.657166|473.064636
468.517334|-431.098022
-31.138344|-261.915680
180.146454|-230.932663
-460.573486|0.605052
471.445801|221.901108
223.659485|-357.443115
-373.295288|-339.359680
325.752563|-486.226685
227.459732|-220.772308
407.149689|1.006920
349.213531|361.294464
91.758911|196.874512
339.194122|485.096527
40.839787|-380.457947
-32.574833|48.777073
75.424896|-399.024506
185.733978|-391.214386
-130.673920|233.423325
-311.145386|-46.475864
14.673793|-304.945099
-497.659607|170.878250
310.846558|422.320038
312.700073|-353.363129
-122.123955|-208.657272
-342.203552|213.924240
-36.562180|400.824310
297.733490|-371.928253
309.130035|43.661591
380.861694|-427.329224
107.979675|240.586807
-367.006531|472.269409
-79.649612|370.121490
-30.502607|104.572289
59.189739|374.444489
86.459129|-491.012024
65.451744|-491.870178
-482.021973|-209.613297
-69.287331|-19.871721
-138.343994|213.848434
308.778748|297.158325
69.697716|-418.813141
-261.524902|100.434570
-234.033508|-14.517748
-407.738281|438.363281
-50.869701|362.415192
259.586029|-182.677155
347.499695|169.597107
-346.813202|-325.945190
-158.399445|255.620453
-186.458191|190.056808
-334.397278|-187.122650
-36.088013|347.579041
-221.808502|-31.764193
404.779602|-151.662247
-423.106018|-46.478745
-389.679718|-244.563812
-36.060440|0.034901
-225.265839|-429.206970
457.769104|-349.879150
443.525269|72.464996
-171.478409|239.428680
115.243568|-418.516357
433.573334|-164.033157
17.770700|-52.564316
482.048859|-236.118530
-468.427765|-441.041687
227.558594|-265.151886
-118.158424|-134.534164
499.000000|-475.203461
63.804295|-263.472656
-212.086090|185.893661
326.504272|32.438805
347.100464|-342.930389
448.662598|-442.425385
-305.066772|-20.163578
207.637543|-64.051285
-182.492218|-337.304749
95.660538|103.131989
-71.559631|-327.488983
-280.063660|107.771866
129.642227|-493.079468
-137.740494|486.430420
-392.878021|-73.056702
53.216030|-333.356323
-247.487381|372.294373
402.194733|471.098877
422.328430|-453.721344
173.074112|-499.168671
435.184418|33.145248
93.072487|337.463135
50.249569|-313.036316
100.309341|-48.487755
435.650116|53.230911
-474.333679|229.959763
-84.991821|-190.812836
83.558197|404.386108
-128.613770|339.495728
-16.163662|402.623749
-151.511200|235.995651
-101.944672|-122.151390
-56.848812|-369.007965
-258.791748|-335.975128
309.157806|-112.996475
6.106547|24.693441
420.310699|-180.105179
71.429398|-28.684443
-488.013641|-367.288483
-165.257584|219.867676
-427.405273|474.764252
0.500500|236.558563
-407.654968|476.254913
96.160515|43.221935
-229.947723|141.250793
64.041496|-437.953491
20.048243|-7.663574
481.586884|88.487396
419.686737|446.089386
471.124390|32.357361
458.663300|92.747246
479.847595|51.309387
-404.351379|-90.571129
-6.855453|333.007904
485.282440|-464.925964
326.849365|-316.072937
-184.188873|-385.992004
-280.739532|-422.101501
7.292842|209.393204
97.609894|-395.778656
313.331360|452.624084
-102.988724|-490.247375
-309.477448|478.182404
13.372491|126.747330
-4.808763|-351.113037
-320.041107|64.922722
58.381565|-243.826553
105.378098|-68.251152
120.854324|329.559906
-444.123444|-45.553192
339.264404|499.175446
9.619656|-335.744263
-244.115250|-351.073456
399.762543|450.781281
-335.504639|428.354675
26.382183|26.175034
-278.840424|-278.849243
333.446198|233.116776
-32.730434|263.737427
422.679443|72.652840
180.029434|270.009552
-92.490494|-325.739624
-74.181442|-0.069173
498.940613|43.578476
-282.080383|-129.652878
469.262573|303.053436
499.000000|99.260201
215.913544|-238.272751
-204.025482|400.654907
-341.732330|234.738098
-272.635681|315.359253
118.997353|-113.563782
489.293762|-421.948914
-264.326202|121.069283
409.998840|-196.895538
345.806030|-480.719269
-267.538391|336.301544
117.344009|-356.527344
-67.341766|-351.634857
-348.965210|261.032745
102.098679|-125.362503
248.241302|-155.918823
69.405472|-459.945404
-101.087959|-99.078255
-455.889832|454.152771
-168.102814|-322.701477
-291.957062|-156.797638
-7.305546|122.368813
183.255829|-331.851929
495.399963|-151.403305
63.013958|119.325188
-244.625305|114.410538
218.862015|-492.825500
-26.794765|326.165161
211.521133|31.052471
37.781651|-227.555038
425.969055|-6.441491
-186.733124|-117.978035
-178.761169|373.679535
49.841545|-211.155960
-419.501984|-425.558197
-268.567352|-297.228607
-214.085281|467.693237
-278.490753|-341.240265
485.902985|136.447968
-152.365921|449.056366
-311.036285|333.588196
232.685898|-190.386063
49.603725|-416.863373
112.389000|0.519952
-47.697281|-52.194626
-249.629517|135.290588
-497.099579|145.676346
34.363113|-299.730988
-21.917933|240.148102
447.722229|-421.478729
-102.732910|-201.687744
-464.830780|325.651245
253.897003|360.547272
-248.639389|323.670990
-387.758392|474.852386
355.527435|12.490398
-434.642365|25.790718
366.730804|112.503601
282.583893|-197.203201
98.612846|259.403046
-259.272034|355.564819
