-440.168274|-39.869354
-36.301842|-155.619949
478.859772|-2.211321
-123.939865|89.247185
-60.108368|225.103104
276.055878|52.080345
-482.436890|382.507660
160.349106|178.948074
34.889069|157.393372
237.266266|229.019119
323.539093|-220.085373
160.028870|-66.430260
-163.424637|-490.537659
102.561172|-411.390167
-103.563652|435.601868
-187.483597|54.298588
59.869961|330.739471
435.236389|456.668213
256.573883|433.655273
54.185699|-396.970398
133.251282|-164.813293
-455.883118|-136.881561
-60.081230|-376.600342
-201.542389|267.992188
270.192902|-270.347137
-484.699463|-100.700981
169.637543|-84.920273
-33.706142|82.361137
318.788086|-114.180748
-310.201294|149.135483
-482.473053|-72.831169
-33.382324|238.427155
-85.502098|-177.557999
110.429237|432.861603
59.203926|288.777222
98.584511|472.655365
31.759403|72.001701
-47.569538|114.452499
78.543823|284.764435
21.001326|-198.422653
459.071228|-325.151398
-281.765625|140.438751
-121.928841|372.748474
330.502838|-98.221527
-489.176025|216.250732
-435.790833|227.999817
350.745850|171.766525
94.080208|-299.097046
250.334335|314.673950
-327.796570|471.345551
-59.668739|34.142365
261.354187|-342.038147
40.014145|52.874905
-310.843079|-182.996887
-40.988625|216.031128
280.988159|-252.482147
312.924835|311.592194
54.344868|151.245132
-294.582977|-373.219604
-15.284735|-465.516968
-459.368286|-341.023834
-178.352997|-25.809307
394.759521|472.533173
-199.505127|339.207001
343.707275|-415.446198
253.694000|-233.251221
-1.110435|-279.688385
112.528595|26.109989
-337.902954|492.962524
-14.144533|-376.970245
-328.091339|-154.573181
-257.710815|348.710480
-229.461197|36.657948
-388.295380|62.524261
-41.524654|194.649414
-29.539921|-400.660156
417.231384|-481.544891
-476.245850|265.584351
63.654663|0.726310
412.813477|-90.691483
81.502754|223.894135
-306.083466|-395.539825
-75.299873|52.434258
-325.726196|277.368561
393.461792|232.148087
-309.570313|-449.130768
-157.228271|-26.094358
338.510437|-53.927277
-399.837982|187.531647
332.528320|3.706862
40.622467|-158.050690
403.716370|-465.307373
102.732628|-458.291779
412.771423|-211.598816
247.676712|143.476761
453.156525|122.673737
169.686752|417.695007
231.525436|-341.109467
129.080170|441.579102
-205.831451|197.345566
41.673306|-493.611938
367.292023|-214.322769
93.514084|368.015778
-211.502060|153.662659
112.557266|-476.893005
-450.817444|3.064801
476.537598|-371.070007
-474.969391|-246.050903
-304.333954|-11.362874
-487.320496|60.835659
34.542221|-390.613892
-442.412354|-286.141052
118.716644|-98.605141
-418.865723|-439.330719
328.436401|111.262253
-144.403870|-484.778625
34.475346|135.649399
-249.970322|240.088181
-73.741722|-415.148804
344.433289|419.522522
172.541977|289.245789
375.889496|25.767578
83.203682|-167.231873
54.329826|268.934174
103.853104|452.157257
-136.859802|-418.742798
-440.008240|163.116547
-279.633698|245.610992
463.723145|352.113525
26.841709|300.380829
148.028214|-267.922546
277.602905|433.685059
-466.049469|-156.324768
2.656884|447.300842
-297.372925|430.963257
-73.982651|-100.318932
53.105312|-476.931213
-262.353027|148.090683
-388.067017|-265.497498
-323.907898|171.609634
-164.796310|-93.768066
-30.554455|-197.513641
-366.862244|-197.644852
-424.061249|-202.388184
389.571747|162.397614
-15.990886|427.762970
-82.721657|432.367981
-498.035736|99.119347
-102.281631|172.611206
429.921906|-445.594879
476.516144|468.478638
358.340668|-429.512299
-267.306274|49.478874
-232.616760|-421.973541
254.720245|-126.591042
-380.431641|383.647461
441.818146|175.544418
234.453064|-154.458679
-439.094238|395.196716
-340.500458|-185.598679
155.223495|77.927307
-363.788361|-252.191803
-83.157730|-81.217857
154.422836|-399.691376
-462.915985|154.556061
355.248962|-383.855713
15.987779|318.705597
-211.616791|-15.007731
296.208496|-414.707153
-335.468933|-459.133087
225.715805|-380.349152
218.525055|-490.441559
-57.754292|425.584351
-323.651062|-30.848030
-93.202141|-474.675690
289.368439|-391.549347
281.190033|-154.158188
279.405121|76.897240
347.505310|344.585693
-261.400970|2.233526
140.995895|187.482727
-337.644684|227.054749
158.506500|-423.275757
56.370438|391.048859
13.580457|32.433266
-159.899887|443.384064
-226.215683|-127.413803
439.862762|-346.113983
132.442490|149.241333
-414.162842|-339.360809
308.635071|-95.589134
329.174530|440.705048
54.411545|309.678040
-431.507416|-350.580505
182.802307|85.197517
-156.209961|-467.664429
261.080902|262.486694
-14.309387|245.980072
-14.053867|484.491760
272.579620|96.525757
268.139587|-9.048738
400.528656|267.708832
272.053009|-55.173542
456.307892|288.346558
298.502899|15.142473
-229.205444|-261.082306
210.258820|469.943420
-332.499756|369.061646
185.481476|484.792206
-414.257202|-498.583984
-86.637711|382.848114
-93.682503|43.721928
-51.110657|-198.463821
161.612198|-366.407959
-41.883007|-252.819580
483.946198|342.491760
251.251343|193.167160
-244.065018|-467.999298
-450.169403|-171.128174
160.422653|11.001327
273.957733|-201.532303
-47.262520|331.523224
393.194214|-230.739441
170.079010|-440.327515
-56.232216|-152.319016
-154.746323|-179.090744
358.011047|272.234497
408.267029|488.726715
285.260559|112.920692
-242.311050|-20.011251
-417.300842|305.357025
113.333511|398.113068
421.520874|265.094116
1.271918|383.733978
-294.402069|-260.319794
-6.807201|264.671722
-306.785278|52.577538
-416.384949|-294.621307
303.952789|90.170662
-359.115417|-43.055737
455.204987|-284.142334
-318.520142|-429.845886
-451.888763|375.936157
-65.351753|249.684830
-29.049356|104.316772
-317.793304|-468.247467
-484.299438|162.914230
268.757202|-382.210297
180.670685|-327.031464
-476.768982|235.382095
240.886108|416.003540
-313.478210|-267.394714
486.911530|407.808441
-44.072231|64.464371
287.326965|-41.343678
301.846100|458.147888
40.828377|-30.851740
-327.074188|-392.045471
61.215565|-416.066956
-71.301704|-317.511475
-156.237183|347.196838
379.670929|-146.201736
-284.867340|-299.636139
-139.867523|-37.283783
-316.843079|-57.996975
350.304840|-259.604156
-59.676598|-432.991302
310.745850|-187.766525
-164.687317|-353.821259
-438.342957|-230.300583
-341.224792|-251.356842
-60.254116|284.766724
72.496391|41.823929
-164.637848|-323.614777
-51.840683|-323.398712
-126.216003|-272.602081
-494.007813|-192.405701
-310.861877|84.057182
-94.286179|211.020752
-372.076538|475.982727
201.480148|-329.912354
-96.838036|-315.820129
202.401184|-209.771408
-158.564713|-215.634613
-152.291870|310.003448
-251.710785|189.901062
170.889069|-113.599152
52.559441|36.383904
-330.227692|-412.260559
-283.441589|-13.880062
-420.886292|-419.030762
366.885101|-410.509003
-411.321014|350.534241
-298.245880|-432.496735
293.322784|149.291977
386.910736|205.445831
-440.349152|294.284119
396.239471|-78.582664
320.273682|284.608032
-417.654388|-460.429901
