-348.490662|-62.788757
-85.575478|-211.628021
-436.079834|40.293579
-190.761948|22.425701
18.567352|270.306793
321.825012|68.532539
467.836975|341.462708
107.934265|257.579712
2.886883|245.047333
300.266266|166.019119
234.846085|-242.543442
220.269714|-118.387215
-237.241440|-494.820465
9.896301|-392.856232
-19.537371|438.153259
-233.892303|122.390236
149.525436|300.869781
458.157715|364.990601
340.753601|476.464355
-29.899155|-354.524811
109.548119|-254.894989
480.500000|-73.878616
6.740404|-309.778198
-139.758255|334.960144
246.110291|-291.693634
438.609619|-156.728104
192.881668|-128.053299
-99.860733|39.660358
241.035370|-84.984779
-352.464050|64.611893
-403.844269|-20.414705
-79.413582|312.763672
-102.148666|-86.992989
182.296692|478.035248
145.183243|260.968719
56.361633|389.018585
79.554451|-0.991866
8.173364|38.623623
42.493496|214.960571
-66.740074|-163.326401
486.811462|-408.900970
-195.043427|168.419800
-55.126507|315.545410
275.697083|-171.976883
457.711151|288.909515
-368.348724|264.238220
314.524536|123.084671
141.870285|-227.718353
227.414932|222.996338
-411.750397|444.404480
-78.199829|-58.522888
294.733490|-258.062958
108.803505|-0.705410
-340.727875|-93.346077
-9.790155|136.613678
239.793137|-336.645264
335.846161|219.914581
12.962347|227.358795
-382.184143|-407.591705
66.586693|-494.505554
-368.931427|-319.123657
-103.892410|19.956182
353.101624|-442.030334
-256.178284|414.826996
417.864532|-361.578613
168.162643|-264.524353
83.413063|-237.426483
55.829655|-49.490593
-425.755615|459.571411
-32.637470|-469.643463
-394.892395|-214.161713
-273.982941|426.380402
-276.015930|-31.295900
-451.840332|20.133846
-76.378777|271.644165
-9.774347|-485.097168
354.234985|-418.553070
435.487488|291.993469
29.576462|64.155212
357.804932|-162.342468
19.720207|161.605392
-363.998077|-447.398926
-127.887047|37.430103
-383.333649|351.928558
351.199036|316.670288
-380.852631|-459.234558
-116.068146|-109.444450
276.071320|-116.607170
-405.791626|123.693581
376.565826|86.188705
106.662140|-225.457611
472.990784|-423.389404
178.660873|-478.783600
335.911957|-218.531921
321.308685|88.783974
431.108856|201.355240
130.616714|368.805023
233.456924|-423.793549
55.433762|494.173553
-121.307861|155.084732
5.356956|-499.663391
306.994751|-276.701263
14.915446|315.552338
-254.984863|123.863792
96.914993|-409.407104
-408.912903|83.550652
417.334656|-440.772766
434.963440|-275.935272
-246.382233|-79.920769
-423.692139|102.621231
-3.160391|-466.442810
466.981720|-316.026062
197.345520|-46.186211
-459.559784|-499.758453
268.681702|162.227325
-217.624481|-491.749359
-3.420645|215.000687
-165.446732|197.827347
-40.472908|-488.606506
254.779755|449.400208
151.373077|372.660706
424.508392|-55.265514
6.119443|-117.911026
-2.472656|303.338654
158.116791|391.916901
-52.336212|-461.005554
-403.648346|103.479584
-267.919403|160.854538
-477.159180|405.068420
-8.238962|384.029510
220.923157|-220.016403
303.840027|344.221130
-415.906067|-215.717651
-48.086098|368.112488
-255.110214|346.441589
-163.633133|-130.202484
2.457114|480.049774
-255.417587|143.802902
-448.882965|-251.431046
-366.170654|87.086044
-243.425186|-146.187332
-14.898063|-116.470924
-317.873260|-274.856384
-468.712769|-245.210403
358.680145|95.133263
-34.277683|336.638397
1.939787|459.549377
478.079742|7.440784
-26.681807|115.911591
437.346710|-369.243530
-448.872375|-483.840424
311.423218|-360.300934
-191.670151|-6.603668
-325.282593|-440.507477
189.845047|-164.977188
-326.285675|307.384613
379.595917|108.182831
246.727524|-218.447952
498.761139|451.858459
-316.503845|-113.681137
173.757431|-14.737564
-275.885071|-264.141815
-20.328426|-18.151894
61.757988|-381.156830
-426.848999|123.469376
277.760040|-399.328094
-59.082527|341.899628
-222.649017|-39.843033
215.313492|-371.291718
-357.591705|499.000000
288.080658|-447.318298
291.892944|-467.910431
31.876690|455.525513
-412.953186|-0.260691
-29.554277|455.874146
209.647354|-343.658661
211.585342|-136.058014
344.305634|80.072044
435.138428|332.998413
-207.213409|-69.335510
88.572227|266.093475
-262.043915|283.755310
103.772125|-476.671967
-4.305532|323.646179
-19.487814|-55.539570
-117.638817|-471.496918
-249.176712|-219.079742
397.600006|-261.592316
177.439941|79.098351
-465.470764|-272.126312
227.334290|-68.991783
395.996765|-491.575317
-29.337530|316.693695
-397.161804|-422.429932
124.910706|117.672623
-243.429611|-475.195343
204.381119|186.885925
-90.106384|202.037781
-23.948215|499.000000
187.172592|59.188854
341.311371|49.696449
454.624847|325.305847
347.746185|-2.500488
474.066833|223.604721
355.881561|15.846026
-281.624390|-182.453552
137.204315|410.857513
-395.487518|432.051178
242.116089|-447.122131
-333.956268|-485.835754
-153.459259|449.670258
-55.638824|89.742188
5.588875|-274.064880
216.700577|-435.816345
-71.766449|-342.470764
-440.457336|364.749054
163.511230|158.069962
-159.541428|-425.736542
-400.341858|-96.172134
125.325531|-76.739738
219.891495|-154.182022
25.228245|290.135376
458.316040|-167.540146
219.791336|-456.658417
-90.796066|-232.220566
-233.094711|-231.762131
438.535980|312.773315
494.884064|473.259094
197.140106|83.111732
-233.921051|-105.742462
490.268799|282.435699
52.211109|368.391327
402.987305|172.428253
44.925991|337.871857
-204.413681|-287.240662
-29.679098|172.982040
-387.332184|90.153984
-353.384949|-231.621307
361.259644|159.051971
-439.845825|3.647329
367.464874|-249.046677
-290.752472|-491.237274
-422.003876|286.284973
-154.468842|271.660797
26.779568|28.772507
-372.157166|-478.290283
-416.618927|141.820084
290.338287|-314.192200
215.179306|-414.944366
-388.703918|265.390778
193.819626|495.108093
-224.240295|-292.049744
-455.953735|378.064484
11.737502|-1.409584
325.334045|3.365254
212.542160|487.891541
-1.700422|-98.387131
-382.980988|-439.332550
-23.328331|-373.846497
-151.400696|-269.243134
-109.645477|268.018036
305.877411|-205.235397
-360.075348|-259.402679
-83.484909|23.978239
-346.728088|31.653599
306.446533|-340.745483
-30.894131|476.231628
256.460175|-124.265083
-87.541786|-301.318329
-480.965546|-154.302322
-309.439972|-162.875763
-97.613235|303.213623
82.589432|-37.337013
-252.377960|-358.710052
-135.968842|-287.745270
-157.165115|-360.742371
-424.500244|-240.077896
-386.743683|115.502129
-93.513145|283.735229
-431.498260|438.082306
254.697739|-253.528748
-47.310455|-390.579407
172.518097|-120.120316
-116.303581|-131.111023
-199.996124|233.492188
-343.388397|166.981659
135.791870|-201.339417
63.718109|99.873726
-402.918030|-450.639954
-225.510895|-81.783073
-435.620575|493.906006
334.054871|-494.168823
-353.077209|278.739532
-270.052002|-489.587708
339.070374|99.703606
445.467255|145.309891
494.017822|227.033218
341.178101|-149.916687
253.451538|217.785889
-363.463104|476.854004
