-137.402771|-77.751022
-258.269714|-381.018127
-201.580429|66.817734
-373.869110|-154.351471
-24.764835|446.817413
464.472473|199.171356
302.604034|190.294373
-7.285933|436.216858
48.811474|478.537109
455.972107|-6.147329
39.319794|-341.714905
290.422272|-245.806473
-105.632179|-297.483398
-224.629837|-320.346313
231.228394|492.157745
-383.273560|324.085358
393.489075|223.440094
-404.640717|204.513748
372.875824|-405.411102
-42.853153|-369.713074
85.816078|-453.511780
355.657684|-32.792183
145.577911|-375.427673
-171.794525|-454.109497
421.366241|-154.020065
236.638733|-286.824493
243.805389|82.811806
-304.686127|-115.328529
42.200615|74.073898
-497.306946|-100.232773
-179.273590|57.848438
-193.099808|-465.415344
-161.425354|163.078217
10.648655|-410.659821
393.502777|178.197006
-32.900974|266.995026
170.648682|-213.390625
150.872513|-166.660950
-22.931953|43.575878
-146.873550|-207.556992
-467.425568|389.133606
-0.880168|253.593506
-249.907745|183.182648
122.328644|-370.438385
347.909119|451.967560
-367.152252|336.672668
193.622482|-105.272156
260.758423|-11.818125
147.890747|-20.114918
408.554108|314.868927
-67.240494|-293.474792
313.351776|-116.295273
296.009674|-40.686363
-304.300964|103.051750
41.742825|-111.184929
123.647270|437.956573
356.693481|-12.655828
-102.142975|344.682007
405.167023|-390.138000
299.396515|389.595276
-280.383087|-410.266357
86.672173|106.562515
231.281891|-216.959503
-465.251801|465.513275
-397.964233|-231.270203
-15.821787|-228.900543
265.916809|-113.837860
-45.638371|-257.624664
393.380127|329.428528
-78.006546|305.903137
461.794037|-404.729736
-484.887360|457.808136
-476.488037|-90.821716
375.761627|-21.119350
-136.898926|-486.703278
128.735962|309.177002
233.807037|-195.920349
188.016495|368.962555
19.295725|259.402130
172.965973|-294.241669
-149.333298|6.918030
-429.635071|373.831573
-355.607086|15.945154
-237.825302|-459.637207
254.404251|-455.205566
417.210022|-406.503662
-14.311905|-329.435608
125.646454|-285.432648
496.684814|-69.495003
-491.285370|295.019836
203.885818|-396.993164
-300.177338|-302.799042
387.797974|-485.405334
149.898117|-246.603821
450.901917|-50.856838
312.652893|434.412415
72.373291|121.306892
289.421295|420.617645
-3.775514|-367.995453
31.536718|20.480663
43.389225|-402.588959
131.233978|-445.714386
-197.373276|186.361954
-336.227112|-122.719086
-22.327364|-248.248367
-461.919678|244.036407
259.776215|358.482788
235.144684|-379.216034
-82.605949|-266.972321
-314.083618|149.021881
-83.779457|353.614929
224.196091|-398.773346
373.894135|73.005455
304.959534|-396.969025
34.823158|277.072266
-446.844299|457.001465
-107.459404|446.530914
-10.182524|68.495117
108.212059|309.023682
8.905762|-465.155640
-12.166178|-466.286011
-439.558655|-279.456421
-88.904625|-99.140030
-204.672485|166.781235
376.797302|251.812454
91.485687|-473.908051
-183.864059|77.874664
-211.984222|-91.033966
-340.528625|479.629364
-76.029243|334.364075
332.703979|-146.118027
367.027100|91.757828
-300.228668|-375.972565
-222.208832|216.407425
-177.390137|146.333160
-411.952667|-212.973892
-63.500160|290.801178
-208.755020|-111.829933
333.602997|-114.166046
-479.408600|-70.462196
-434.078400|-299.541504
-32.445198|68.056412
-194.390762|-497.871765
411.939972|-370.209442
398.764191|52.990776
-236.973694|198.761139
165.018723|-360.694275
438.825256|-227.028870
37.319481|-131.895905
459.634033|-158.661774
-399.070862|-403.947174
159.672882|-310.637024
-150.259720|-187.446442
423.128876|-494.612518
40.811951|-318.380829
-168.620392|117.421158
277.341125|-24.590464
364.820923|-385.262390
393.209778|-406.992432
-291.977600|47.735508
223.589188|-144.228836
-114.582069|-365.672852
150.160538|157.631989
-86.977119|-287.854004
-201.950226|87.257362
64.994629|465.788483
-152.979706|-461.749420
-459.016510|-101.324272
34.673115|-383.974884
-175.590744|364.732300
472.216125|-498.932648
475.050873|-420.951111
250.400406|-476.078674
434.201660|-17.433474
150.878448|279.656677
-16.090227|-283.807617
45.292656|5.590506
482.107422|67.207741
-415.661804|187.163498
-66.238785|-254.137177
54.339199|447.599640
-72.396599|393.491486
-63.605637|350.382904
-215.985306|196.080612
-127.565498|-198.021744
-14.642913|-385.924194
-277.258423|-390.499115
271.155792|-45.261337
-64.694672|7.292081
364.274780|-130.442627
-8.733071|-44.716938
-432.080505|-329.128296
-229.583008|179.168030
498.776215|471.013611
-49.966057|253.969284
-478.986359|481.188721
30.530529|91.572395
-299.542725|123.027931
108.762810|-485.962769
-52.807201|-40.839722
-457.599579|132.210327
493.045166|480.105804
-468.545990|32.851856
498.574921|35.081661
-496.316650|-7.595910
-478.161835|-111.607056
-51.900452|273.533264
492.258606|-433.073669
372.195068|-248.054184
-110.304146|-386.108826
-338.545990|-364.295044
3.758950|277.746521
112.472450|-465.345245
368.197662|396.660248
-128.840240|431.405945
-257.710968|-464.000763
-58.553650|96.431076
23.542358|-328.859528
-325.486816|102.902611
21.773558|-309.222687
47.340641|-14.595797
193.973938|292.999268
-406.241394|14.146659
404.329376|-498.684113
45.278542|-366.803070
-261.640991|-403.770508
472.921021|480.189148
-256.196228|408.525909
-45.007698|2.653558
-303.481415|-352.511688
268.411041|204.971527
-108.442078|278.028168
370.447937|21.832392
237.835892|212.203094
-93.488426|-373.707336
-94.015068|-79.376732
486.481476|87.799561
-229.415909|-76.034065
-480.999512|368.410797
441.069977|148.303253
138.399475|-264.180237
-146.219025|342.848450
-312.658966|169.333771
-346.744171|336.527557
168.117035|-178.864029
425.033752|-385.781006
-186.243881|101.048088
441.527313|-149.222076
409.501526|-478.586060
-191.435989|350.437103
71.997475|-288.508789
-34.084148|-392.723816
-297.430237|207.906784
149.608856|-187.871399
286.288727|-111.680168
-8.353827|-436.498016
-137.232712|-171.868515
-449.568420|378.183350
-241.025360|-285.781403
-357.477844|-125.682091
-79.653770|94.998276
141.554489|-354.769775
429.999298|-102.353638
108.906273|180.496078
-236.342346|159.244812
191.457504|433.084808
-89.308815|288.559631
259.635986|96.873299
43.369843|-242.056320
387.703400|36.012947
-131.246704|-97.233536
-215.320145|300.561584
37.366554|-290.998230
-476.832733|-461.888306
-285.843933|-361.540314
-239.936523|390.137848
-297.123993|-396.341553
406.467896|144.520248
-157.195236|-488.941620
-243.286301|316.177887
281.194122|-130.827866
71.298172|-487.920807
86.537758|78.074783
-41.000996|-17.235235
-320.636993|122.698647
432.130249|167.361176
-8.379112|-349.185883
-75.579887|273.557800
384.429413|-388.499542
-168.930618|-197.456558
-484.659546|246.342834
177.098740|386.908051
-199.589722|258.270325
-456.079102|483.354828
407.569611|-37.446320
-380.142365|-28.709280
307.770752|57.099762
264.175720|-273.877380
25.501984|295.806763
-195.708862|370.408234
