-132.870712|-64.263397
-266.053406|-389.277405
-187.957596|63.788582
-383.945465|-164.427826
-32.818657|458.561798
470.845428|211.916977
290.747589|182.389786
-15.189860|448.073914
54.991123|491.369354
465.472107|-15.647296
35.878708|-354.618347
299.324463|-256.933807
-113.289017|-292.758911
-238.603256|-317.551514
245.052795|495.614136
-396.773712|328.615417
407.007904|218.933914
-399.882324|191.414520
360.233521|-401.057007
-53.980530|-378.615265
82.359810|-467.336182
348.281586|-43.233257
156.421021|-366.909485
-183.562866|-446.085938
430.153625|-144.691437
225.238617|-295.374725
251.709534|94.668716
-315.813721|-124.230431
30.800001|82.623085
495.645813|-112.978317
-165.603958|54.658424
-203.176163|-455.338989
-164.880737|176.902863
18.677862|-400.605499
402.253510|174.016800
-34.710167|253.420685
177.980103|-225.609756
159.422455|-178.061066
-33.008232|33.499596
-153.324066|-220.231033
-456.977722|382.266754
12.638496|258.099976
-258.629272|172.847717
113.778625|-381.838440
339.358887|463.367676
-380.651489|341.220001
187.249817|-118.017776
267.087524|0.948720
144.434647|-33.939465
395.040619|310.347015
-67.917526|-307.443695
304.691956|-112.848167
308.755096|-47.059116
-314.086090|95.604904
45.199543|-125.009331
117.274460|425.211243
360.128906|-26.485519
-114.165154|350.472839
391.947937|-384.836304
312.141846|383.222321
-287.389709|-422.295258
98.846161|113.830475
224.908524|-204.214172
-477.344910|462.564392
-386.107788|-223.365616
-19.224123|-215.074097
269.757996|-104.842216
-39.730354|-266.382935
379.874451|324.883728
-80.781174|291.925873
451.698822|-414.786957
-494.703949|450.522308
-482.470215|-102.729790
379.207306|-34.942554
-125.469727|-478.196564
137.329620|297.814026
227.429993|-183.177643
174.494034|373.457489
32.873268|263.727570
161.108948|-302.145844
-158.833298|-2.581970
-423.968018|361.486176
-369.580505|13.150499
-227.722794|-449.591827
248.036041|-442.457855
403.978302|-401.213470
-7.849473|-342.135376
116.146454|-294.932648
489.353394|-81.714279
-484.912415|307.765167
190.417999|-401.560028
-287.432007|-296.426086
397.290344|-482.462402
136.378113|-251.106308
462.302032|-59.406853
306.279938|447.157745
68.915993|107.482651
280.519104|409.490051
-0.426979|-381.846008
23.126587|31.947859
37.697826|-391.841614
122.209808|-452.986664
-205.793564|175.883377
-340.733521|-136.237869
-25.784756|-234.424225
-455.546722|256.782013
250.874191|347.355194
221.625854|-383.722504
-74.533867|-275.276855
-309.685181|135.490799
-93.394844|343.106415
210.677963|-403.281403
379.242950|59.802914
291.728882|-391.676880
31.708155|286.753754
-459.462708|452.396820
-111.965584|460.049744
2.563529|62.123245
116.752678|297.616577
-4.612609|-460.648254
-25.648354|-461.677002
-432.084503|-291.585480
-92.349060|-112.962921
-214.285767|156.660675
388.653748|243.907867
103.600105|-481.295410
-170.059235|74.537231
-209.187881|-105.006859
-328.672180|487.533661
-84.805473|324.214661
345.449310|-139.745361
370.463409|77.928345
-292.603729|-385.259979
-230.185181|204.599167
-171.017517|133.587524
-425.471497|-217.480072
-66.214127|276.940613
-207.835297|-126.044739
324.273376|-106.057632
-486.462708|-82.546135
-433.743958|-312.805939
-27.938946|81.575096
-187.059341|489.353088
398.747040|-364.876984
390.483673|42.504478
-244.350800|187.207062
173.568726|-349.294189
435.368866|-240.853271
40.775406|-145.720474
467.705780|-148.923416
-386.325531|-397.574219
147.763947|-318.450104
-156.762085|-200.120712
425.729492|496.533661
36.404919|-324.713867
-157.113892|111.752518
268.384796|-31.654648
351.072723|-382.781799
380.372650|-401.936920
-288.521210|61.560055
226.383987|-158.202255
-100.727028|-369.004364
159.660538|167.131989
-93.743713|-287.006866
-188.009674|84.309402
53.140823|457.879669
-164.835968|-453.844330
-464.271149|-112.345688
25.571648|-373.527130
-165.251251|355.151093
481.640839|499.090546
477.965698|-408.964020
263.919220|-471.572205
420.682831|-12.927231
160.954803|269.580322
-24.287676|-279.801422
35.334080|15.673704
493.964386|75.111679
-411.348022|173.823837
-59.737476|-261.337982
42.536221|439.644012
-60.996628|402.041718
-73.062897|340.881073
-224.141876|184.875641
-132.857925|-211.252396
-16.984833|-394.435730
-281.480927|-403.006561
263.034668|-52.074451
-78.386887|5.437467
354.779205|-120.934387
-22.706347|-47.511593
-422.274445|-330.665070
-236.350739|167.647614
-498.671448|462.895630
-50.696667|239.871490
-492.013489|478.339294
19.200336|100.197395
-308.782318|114.970596
118.978645|-495.590515
-66.037903|-46.132267
-446.199463|140.760269
497.561615|489.408173
-457.145874|41.401871
-492.759766|23.224955
-489.943695|-20.341496
-483.137848|-123.624435
-54.148056|259.908386
487.142883|-427.230927
380.099365|-236.197449
-96.570793|-389.300354
-348.622345|-354.218689
11.324423|286.199554
123.157112|-473.938324
378.274017|386.583893
-133.346420|417.887115
-247.637390|-453.921753
-71.784363|91.138542
22.007421|-339.521362
-334.847595|95.589722
13.965571|-318.224640
37.217525|-4.567667
206.719559|286.626312
-396.165039|24.222939
409.303833|498.412933
53.679832|-377.067444
-265.179657|-416.087982
478.697662|480.890747
-242.371826|405.069519
-58.173679|2.500358
-315.922577|-345.595947
263.079315|198.557770
-121.790627|282.989471
367.641998|7.861393
243.080215|201.890228
-80.556351|-376.644623
-97.472099|-93.201042
474.504028|95.197220
-219.915909|-66.534065
-476.813782|377.108826
428.869293|155.052444
124.875481|-268.658661
-136.142670|332.772095
-308.152008|155.815277
-360.262421|341.034607
176.641357|-190.281448
411.803284|-380.487854
-172.309433|98.093552
449.878815|-139.029083
419.947418|-481.456055
-180.465607|341.370972
64.093033|-276.652344
-34.544914|-405.697571
-287.930237|198.406784
158.169937|-199.255798
289.517303|-99.422295
-21.872557|-431.991547
-143.604446|-184.614609
-444.635101|365.271332
-253.770981|-279.408447
-368.624908|-116.804970
-92.854179|89.646469
129.847290|-362.701050
418.599182|-93.803696
112.362373|194.320480
-245.377777|148.890076
185.084839|420.339478
-101.218178|287.084412
267.583435|108.700218
54.769814|-233.506378
378.804535|25.180971
-126.736732|-83.716026
-221.692810|287.816254
34.277946|-304.904266
-490.063385|-467.180450
-299.392303|-357.124756
-244.442703|376.619019
-301.341705|-407.709320
392.643494|147.976349
-145.795731|-480.390869
-230.540680|309.804932
285.286011|-120.763641
80.200073|-499.048401
82.031578|91.593468
-34.590904|-4.508629
-332.598633|115.936867
424.153442|175.358749
-5.699791|-362.769196
-86.851448|272.673676
371.510712|-383.297272
-175.783524|-209.911972
-488.115936|232.518433
163.673859|391.379364
-191.039780|246.870209
-469.517181|481.386810
417.069611|-46.946320
-370.642365|-38.209278
297.694397|47.023479
259.669250|-287.396210
17.990520|306.167297
-186.211777|360.918793
