-330.558899|-62.156254
-98.575417|-224.627777
-418.638855|49.014271
-204.550644|8.637117
36.012489|279.019897
335.561340|57.598030
469.337189|331.199371
97.118362|273.805115
-1.028147|264.145050
313.266266|153.019119
216.346603|-248.709656
233.578430|-129.571716
-240.641800|-491.145142
-9.225021|-389.031769
-2.198546|432.817261
-236.504822|138.814285
168.024887|294.703033
461.232788|349.507141
358.194580|485.185242
-47.302216|-345.811554
104.818718|-273.812592
467.500000|-60.878616
20.153385|-307.945129
-125.969589|348.748840
259.110291|-278.693634
423.005341|-168.422424
180.459717|-113.418999
-115.520470|36.003723
225.435211|-73.285095
-363.961792|56.235630
-387.619598|-9.598061
-84.026917|327.768707
-106.878036|-68.075180
183.107132|489.041260
163.682693|254.802063
47.638988|371.578308
89.587120|-17.712980
19.872566|23.023031
28.704899|201.171875
-84.845375|-156.084122
-496.977844|-401.748779
-176.543976|174.586151
-54.003590|302.740570
263.996765|-187.577042
449.152924|295.712158
-349.850830|270.345093
305.803650|105.643295
152.319275|-211.767090
219.305328|206.187836
-427.037781|439.791107
-82.024094|-77.644211
303.453613|-240.621216
126.244881|-9.426074
-347.285950|-75.016747
-4.809994|117.771370
231.072647|-354.086243
340.575958|200.996979
6.979147|245.465897
-400.289978|-414.832184
84.028069|495.981232
-350.013824|-314.393860
-87.496437|30.503252
344.380737|-424.589355
-267.877808|430.427338
434.015076|-350.651581
149.663193|-270.691101
100.854370|-228.705795
44.129635|-65.090553
-440.488861|454.969025
-23.808607|-476.851379
-408.671448|-227.959763
-285.526947|442.081116
-289.015930|-44.295902
-468.548126|30.183495
-82.354073|290.193146
0.320882|-494.217224
343.281921|-403.390106
416.925232|296.423950
20.855774|81.596588
342.012115|-173.778229
6.720207|148.605392
-356.732574|-461.476685
-147.008560|33.605846
-395.033966|367.528717
342.478149|334.111267
-392.447845|-467.513367
-105.248322|-121.679443
263.099396|-129.602158
-399.478394|129.143326
394.289673|88.916016
120.721878|-238.952499
490.441193|-414.686951
189.723236|-471.467926
317.412506|-224.698273
337.306702|77.759972
422.387970|218.796616
125.866669|349.892609
239.200653|-440.208435
39.083622|-495.077393
-103.866486|146.364243
19.779392|-499.089325
293.158539|-284.994629
2.911707|305.529755
-258.474854|104.857964
92.185593|-390.489502
-412.032562|94.513145
405.152710|-456.000000
416.463989|-282.102020
-232.600418|-93.716064
-415.242126|115.150185
-1.892648|-473.977112
448.482269|-322.192810
213.570526|-35.369606
-477.714203|-494.272705
251.240601|170.947815
-219.958984|-495.209045
-9.708037|233.459274
-148.005356|189.106857
-41.185360|494.342682
236.280304|455.566956
145.969101|391.071472
434.540863|-71.986626
-9.717126|-108.153831
-13.798481|293.228333
175.235748|386.185669
-39.933491|-464.484222
-389.320831|110.965157
-265.502167|142.867065
-460.934570|415.884827
-14.405413|402.528961
238.364532|-211.295914
308.569824|325.303528
-429.532227|-225.668411
-54.132946|355.257874
-246.389725|329.000610
-182.132584|-136.368835
-11.765083|474.652100
-253.509796|125.493233
-466.320984|-242.704041
-370.450989|75.660530
-259.650116|-157.004135
-30.300528|-105.069717
-307.840790|-291.577698
-487.458344|-241.763657
373.200256|88.937408
-40.791542|320.049622
14.635343|473.206909
473.349945|-11.476993
-16.753757|100.613617
453.164276|-358.994141
-431.517365|-475.045135
311.766174|-364.280487
-176.069992|-18.303669
-344.404114|-444.331940
170.927444|-169.706589
-315.465912|291.162231
381.048279|107.392883
254.837296|-230.633911
484.648834|465.268494
-311.774048|-94.763336
177.581894|-33.858887
-256.967468|-268.871613
-7.328426|-5.151894
42.636665|-377.332367
-419.302063|135.383514
261.535431|-410.144501
-72.361961|345.064423
-241.770538|-43.667297
197.872116|-362.570831
-345.808807|483.464996
301.871948|-461.104187
305.528778|-481.822083
50.376041|461.692261
-431.452393|5.906504
-23.341763|437.393341
192.926437|-333.626190
199.238998|-121.241379
358.449860|74.744621
449.004791|333.513794
-194.353271|-83.629478
77.777122|282.331879
-246.443756|295.455627
90.772125|-489.671967
-17.222073|313.036926
-27.745270|-71.761848
-108.918129|-454.055939
-254.598602|-237.749573
388.879120|-244.151062
158.346054|75.191971
-478.094818|-259.901428
211.773361|-57.253860
409.785461|-477.786621
-33.679962|300.534210
-390.093048|-439.403534
111.122208|131.461166
-261.441528|-481.779877
192.681198|171.285767
-108.605637|195.871429
-19.480227|-496.829376
169.072830|51.933323
357.240448|54.112434
457.561737|313.710754
363.265289|7.670090
460.025146|210.206314
371.601532|26.933647
-292.440796|-166.228546
121.977394|398.675568
-407.012695|445.233490
258.955292|-447.134094
-317.731659|-475.019348
-167.247955|463.458954
-39.413818|100.558792
17.663895|-287.719208
223.097443|-453.183441
-77.932800|-360.970215
-422.175873|366.287659
145.406128|150.827682
-142.100052|-417.015656
-391.620972|-78.730759
118.083450|-94.845039
206.091156|-140.405228
42.668571|298.746002
472.105103|-153.751892
229.569199|-473.121368
-82.244308|-249.738968
-238.107544|-250.427078
437.614502|314.942902
-486.574799|473.310760
178.643036|76.938522
-238.650452|-124.660263
471.351196|277.705902
43.466312|350.964172
399.162842|153.306732
58.714588|324.083160
-185.932617|-293.420380
-34.408524|154.064438
-392.033020|90.457619
-340.384949|-218.621307
372.959961|174.652130
-456.567200|13.679275
349.359772|-241.804398
-282.445129|492.766418
-415.837128|267.785522
-172.968292|277.827545
38.613026|13.276626
-383.888000|-486.217346
-401.078613|149.836121
303.488098|-302.772736
220.238800|-432.774261
-370.205261|271.558655
192.658356|-491.510254
-205.742188|-298.219910
-442.956787|365.065887
24.737501|-14.409585
316.613129|-14.076050
203.129822|493.211029
-17.057301|-88.419037
-375.895416|-454.842987
-40.776379|-365.139252
-166.627533|-257.061188
-98.830795|251.791885
290.650177|-217.416946
-375.675507|-247.702652
-66.658218|33.486641
-347.713470|44.420242
293.951782|-353.325043
-24.727789|457.731995
245.924728|-109.877289
-71.941826|-289.618011
-491.781952|-138.077316
-303.273224|-144.376312
-104.034958|320.011566
78.765167|-56.458336
-270.483063|-365.951935
-154.468292|-281.578522
-163.331467|-379.241821
-408.275635|-250.894699
-379.297272|128.865707
-100.903770|299.663086
-434.257477|419.981567
268.921692|-246.013870
-35.128906|-405.806641
161.112091|-105.047249
-111.230766|-141.743393
-211.696045|217.892029
-362.306000|162.252258
126.804825|-217.743515
58.988708|118.791527
-420.136353|-459.059113
-211.749008|-95.213387
-440.367615|474.992767
326.812988|487.162048
-334.734558|285.041901
-271.265930|498.711792
351.262268|93.682610
458.467255|132.309891
480.255310|213.218903
325.462280|-161.159805
239.673370|203.986816
-350.936066|462.965942
